Coordinate,Scale_KM,TOT_dense,IC_num,CG_num,IC_amp,CG_amp,LJ,Sigma,Time,radar_ID,radar_Coor,max_SHI,nonneg_90_SHI,time_SHI,coor_SHI,valid_size_SHI,invalid_size_SHI,valid_range_SHI
,0.0,0.0,0,0,0.0,0.0,,,00:00:00,,,NaN,NaN,NaN,NaN,NaN,NaN,NaN
,0.0,0.0,0,0,0.0,0.0,,,00:02:00,,,NaN,NaN,NaN,NaN,NaN,NaN,NaN
,0.0,0.0,0,0,0.0,0.0,,,00:04:00,,,NaN,NaN,NaN,NaN,NaN,NaN,NaN
,0.0,0.0,0,0,0.0,0.0,,,00:06:00,,,NaN,NaN,NaN,NaN,NaN,NaN,NaN
,0.0,0.0,0,0,0.0,0.0,,,00:08:00,,,NaN,NaN,NaN,NaN,NaN,NaN,NaN
,0.0,0.0,0,0,0.0,0.0,,,00:10:00,,,NaN,NaN,NaN,NaN,NaN,NaN,NaN
,0.0,0.0,0,0,0.0,0.0,,,00:12:00,,,NaN,NaN,NaN,NaN,NaN,NaN,NaN
,0.0,0.0,0,0,0.0,0.0,,,00:14:00,,,NaN,NaN,NaN,NaN,NaN,NaN,NaN
,0.0,0.0,0,0,0.0,0.0,,,00:16:00,,,NaN,NaN,NaN,NaN,NaN,NaN,NaN
,0.0,0.0,0,0,0.0,0.0,,,00:18:00,,,NaN,NaN,NaN,NaN,NaN,NaN,NaN
,0.0,0.0,0,0,0.0,0.0,,,00:20:00,,,NaN,NaN,NaN,NaN,NaN,NaN,NaN
,0.0,0.0,0,0,0.0,0.0,,,00:22:00,,,NaN,NaN,NaN,NaN,NaN,NaN,NaN
,0.0,0.0,0,0,0.0,0.0,,,00:24:00,,,NaN,NaN,NaN,NaN,NaN,NaN,NaN
,0.0,0.0,0,0,0.0,0.0,,,00:26:00,,,NaN,NaN,NaN,NaN,NaN,NaN,NaN
,0.0,0.0,0,0,0.0,0.0,,,00:28:00,,,NaN,NaN,NaN,NaN,NaN,NaN,NaN
,0.0,0.0,0,0,0.0,0.0,,,00:30:00,,,NaN,NaN,NaN,NaN,NaN,NaN,NaN
,0.0,0.0,0,0,0.0,0.0,,,00:32:00,,,NaN,NaN,NaN,NaN,NaN,NaN,NaN
,0.0,0.0,0,0,0.0,0.0,,,00:34:00,,,NaN,NaN,NaN,NaN,NaN,NaN,NaN
,0.0,0.0,0,0,0.0,0.0,,,00:36:00,,,NaN,NaN,NaN,NaN,NaN,NaN,NaN
,0.0,0.0,0,0,0.0,0.0,,,00:38:00,,,NaN,NaN,NaN,NaN,NaN,NaN,NaN
,0.0,0.0,0,0,0.0,0.0,,,00:40:00,,,NaN,NaN,NaN,NaN,NaN,NaN,NaN
,0.0,0.0,0,0,0.0,0.0,,,00:42:00,,,NaN,NaN,NaN,NaN,NaN,NaN,NaN
,0.0,0.0,0,0,0.0,0.0,,,00:44:00,,,NaN,NaN,NaN,NaN,NaN,NaN,NaN
,0.0,0.0,0,0,0.0,0.0,,,00:46:00,,,NaN,NaN,NaN,NaN,NaN,NaN,NaN
,0.0,0.0,0,0,0.0,0.0,,,00:48:00,,,NaN,NaN,NaN,NaN,NaN,NaN,NaN
,0.0,0.0,0,0,0.0,0.0,,,00:50:00,,,NaN,NaN,NaN,NaN,NaN,NaN,NaN
,0.0,0.0,0,0,0.0,0.0,,,00:52:00,,,NaN,NaN,NaN,NaN,NaN,NaN,NaN
,0.0,0.0,0,0,0.0,0.0,,,00:54:00,,,NaN,NaN,NaN,NaN,NaN,NaN,NaN
,0.0,0.0,0,0,0.0,0.0,,,00:56:00,,,NaN,NaN,NaN,NaN,NaN,NaN,NaN
,0.0,0.0,0,0,0.0,0.0,,,00:58:00,,,NaN,NaN,NaN,NaN,NaN,NaN,NaN
,0.0,0.0,0,0,0.0,0.0,,,01:00:00,,,NaN,NaN,NaN,NaN,NaN,NaN,NaN
,0.0,0.0,0,0,0.0,0.0,,,01:02:00,,,NaN,NaN,NaN,NaN,NaN,NaN,NaN
,0.0,0.0,0,0,0.0,0.0,,,01:04:00,,,NaN,NaN,NaN,NaN,NaN,NaN,NaN
,0.0,0.0,0,0,0.0,0.0,,,01:06:00,,,NaN,NaN,NaN,NaN,NaN,NaN,NaN
,0.0,0.0,0,0,0.0,0.0,,,01:08:00,,,NaN,NaN,NaN,NaN,NaN,NaN,NaN
,0.0,0.0,0,0,0.0,0.0,,,01:10:00,,,NaN,NaN,NaN,NaN,NaN,NaN,NaN
,0.0,0.0,0,0,0.0,0.0,,,01:12:00,,,NaN,NaN,NaN,NaN,NaN,NaN,NaN
,0.0,0.0,0,0,0.0,0.0,,,01:14:00,,,NaN,NaN,NaN,NaN,NaN,NaN,NaN
,0.0,0.0,0,0,0.0,0.0,,,01:16:00,,,NaN,NaN,NaN,NaN,NaN,NaN,NaN
,0.0,0.0,0,0,0.0,0.0,,,01:18:00,,,NaN,NaN,NaN,NaN,NaN,NaN,NaN
,0.0,0.0,0,0,0.0,0.0,,,01:20:00,,,NaN,NaN,NaN,NaN,NaN,NaN,NaN
,0.0,0.0,0,0,0.0,0.0,,,01:22:00,,,NaN,NaN,NaN,NaN,NaN,NaN,NaN
,0.0,0.0,0,0,0.0,0.0,,,01:24:00,,,NaN,NaN,NaN,NaN,NaN,NaN,NaN
,0.0,0.0,0,0,0.0,0.0,,,01:26:00,,,NaN,NaN,NaN,NaN,NaN,NaN,NaN
,0.0,0.0,0,0,0.0,0.0,,,01:28:00,,,NaN,NaN,NaN,NaN,NaN,NaN,NaN
,0.0,0.0,0,0,0.0,0.0,,,01:30:00,,,NaN,NaN,NaN,NaN,NaN,NaN,NaN
,0.0,0.0,0,0,0.0,0.0,,,01:32:00,,,NaN,NaN,NaN,NaN,NaN,NaN,NaN
,0.0,0.0,0,0,0.0,0.0,,,01:34:00,,,NaN,NaN,NaN,NaN,NaN,NaN,NaN
,0.0,0.0,0,0,0.0,0.0,,,01:36:00,,,NaN,NaN,NaN,NaN,NaN,NaN,NaN
,0.0,0.0,0,0,0.0,0.0,,,01:38:00,,,NaN,NaN,NaN,NaN,NaN,NaN,NaN
,0.0,0.0,0,0,0.0,0.0,,,01:40:00,,,NaN,NaN,NaN,NaN,NaN,NaN,NaN
,0.0,0.0,0,0,0.0,0.0,,,01:42:00,,,NaN,NaN,NaN,NaN,NaN,NaN,NaN
,0.0,0.0,0,0,0.0,0.0,,,01:44:00,,,NaN,NaN,NaN,NaN,NaN,NaN,NaN
,0.0,0.0,0,0,0.0,0.0,,,01:46:00,,,NaN,NaN,NaN,NaN,NaN,NaN,NaN
,0.0,0.0,0,0,0.0,0.0,,,01:48:00,,,NaN,NaN,NaN,NaN,NaN,NaN,NaN
,0.0,0.0,0,0,0.0,0.0,,,01:50:00,,,NaN,NaN,NaN,NaN,NaN,NaN,NaN
,0.0,0.0,0,0,0.0,0.0,,,01:52:00,,,NaN,NaN,NaN,NaN,NaN,NaN,NaN
,0.0,0.0,0,0,0.0,0.0,,,01:54:00,,,NaN,NaN,NaN,NaN,NaN,NaN,NaN
,0.0,0.0,0,0,0.0,0.0,,,01:56:00,,,NaN,NaN,NaN,NaN,NaN,NaN,NaN
,0.0,0.0,0,0,0.0,0.0,,,01:58:00,,,NaN,NaN,NaN,NaN,NaN,NaN,NaN
,0.0,0.0,0,0,0.0,0.0,,,02:00:00,,,NaN,NaN,NaN,NaN,NaN,NaN,NaN
,0.0,0.0,0,0,0.0,0.0,,,02:02:00,,,NaN,NaN,NaN,NaN,NaN,NaN,NaN
,0.0,0.0,0,0,0.0,0.0,,,02:04:00,,,NaN,NaN,NaN,NaN,NaN,NaN,NaN
,0.0,0.0,0,0,0.0,0.0,,,02:06:00,,,NaN,NaN,NaN,NaN,NaN,NaN,NaN
,0.0,0.0,0,0,0.0,0.0,,,02:08:00,,,NaN,NaN,NaN,NaN,NaN,NaN,NaN
,0.0,0.0,0,0,0.0,0.0,,,02:10:00,,,NaN,NaN,NaN,NaN,NaN,NaN,NaN
,0.0,0.0,0,0,0.0,0.0,,,02:12:00,,,NaN,NaN,NaN,NaN,NaN,NaN,NaN
,0.0,0.0,0,0,0.0,0.0,,,02:14:00,,,NaN,NaN,NaN,NaN,NaN,NaN,NaN
,0.0,0.0,0,0,0.0,0.0,,,02:16:00,,,NaN,NaN,NaN,NaN,NaN,NaN,NaN
,0.0,0.0,0,0,0.0,0.0,,,02:18:00,,,NaN,NaN,NaN,NaN,NaN,NaN,NaN
,0.0,0.0,0,0,0.0,0.0,,,02:20:00,,,NaN,NaN,NaN,NaN,NaN,NaN,NaN
,0.0,0.0,0,0,0.0,0.0,,,02:22:00,,,NaN,NaN,NaN,NaN,NaN,NaN,NaN
,0.0,0.0,0,0,0.0,0.0,,,02:24:00,,,NaN,NaN,NaN,NaN,NaN,NaN,NaN
,0.0,0.0,0,0,0.0,0.0,,,02:26:00,,,NaN,NaN,NaN,NaN,NaN,NaN,NaN
,0.0,0.0,0,0,0.0,0.0,,,02:28:00,,,NaN,NaN,NaN,NaN,NaN,NaN,NaN
,0.0,0.0,0,0,0.0,0.0,,,02:30:00,,,NaN,NaN,NaN,NaN,NaN,NaN,NaN
,0.0,0.0,0,0,0.0,0.0,,,02:32:00,,,NaN,NaN,NaN,NaN,NaN,NaN,NaN
,0.0,0.0,0,0,0.0,0.0,,,02:34:00,,,NaN,NaN,NaN,NaN,NaN,NaN,NaN
,0.0,0.0,0,0,0.0,0.0,,,02:36:00,,,NaN,NaN,NaN,NaN,NaN,NaN,NaN
,0.0,0.0,0,0,0.0,0.0,,,02:38:00,,,NaN,NaN,NaN,NaN,NaN,NaN,NaN
,0.0,0.0,0,0,0.0,0.0,,,02:40:00,,,NaN,NaN,NaN,NaN,NaN,NaN,NaN
,0.0,0.0,0,0,0.0,0.0,,,02:42:00,,,NaN,NaN,NaN,NaN,NaN,NaN,NaN
,0.0,0.0,0,0,0.0,0.0,,,02:44:00,,,NaN,NaN,NaN,NaN,NaN,NaN,NaN
,0.0,0.0,0,0,0.0,0.0,,,02:46:00,,,NaN,NaN,NaN,NaN,NaN,NaN,NaN
,0.0,0.0,0,0,0.0,0.0,,,02:48:00,,,NaN,NaN,NaN,NaN,NaN,NaN,NaN
,0.0,0.0,0,0,0.0,0.0,,,02:50:00,,,NaN,NaN,NaN,NaN,NaN,NaN,NaN
,0.0,0.0,0,0,0.0,0.0,,,02:52:00,,,NaN,NaN,NaN,NaN,NaN,NaN,NaN
,0.0,0.0,0,0,0.0,0.0,,,02:54:00,,,NaN,NaN,NaN,NaN,NaN,NaN,NaN
,0.0,0.0,0,0,0.0,0.0,,,02:56:00,,,NaN,NaN,NaN,NaN,NaN,NaN,NaN
,0.0,0.0,0,0,0.0,0.0,,,02:58:00,,,NaN,NaN,NaN,NaN,NaN,NaN,NaN
,0.0,0.0,0,0,0.0,0.0,,,03:00:00,,,NaN,NaN,NaN,NaN,NaN,NaN,NaN
,0.0,0.0,0,0,0.0,0.0,,,03:02:00,,,NaN,NaN,NaN,NaN,NaN,NaN,NaN
,0.0,0.0,0,0,0.0,0.0,,,03:04:00,,,NaN,NaN,NaN,NaN,NaN,NaN,NaN
,0.0,0.0,0,0,0.0,0.0,,,03:06:00,,,NaN,NaN,NaN,NaN,NaN,NaN,NaN
,0.0,0.0,0,0,0.0,0.0,,,03:08:00,,,NaN,NaN,NaN,NaN,NaN,NaN,NaN
,0.0,0.0,0,0,0.0,0.0,,,03:10:00,,,NaN,NaN,NaN,NaN,NaN,NaN,NaN
,0.0,0.0,0,0,0.0,0.0,,,03:12:00,,,NaN,NaN,NaN,NaN,NaN,NaN,NaN
,0.0,0.0,0,0,0.0,0.0,,,03:14:00,,,NaN,NaN,NaN,NaN,NaN,NaN,NaN
,0.0,0.0,0,0,0.0,0.0,,,03:16:00,,,NaN,NaN,NaN,NaN,NaN,NaN,NaN
,0.0,0.0,0,0,0.0,0.0,,,03:18:00,,,NaN,NaN,NaN,NaN,NaN,NaN,NaN
,0.0,0.0,0,0,0.0,0.0,,,03:20:00,,,NaN,NaN,NaN,NaN,NaN,NaN,NaN
,0.0,0.0,0,0,0.0,0.0,,,03:22:00,,,NaN,NaN,NaN,NaN,NaN,NaN,NaN
,0.0,0.0,0,0,0.0,0.0,,,03:24:00,,,NaN,NaN,NaN,NaN,NaN,NaN,NaN
,0.0,0.0,0,0,0.0,0.0,,,03:26:00,,,NaN,NaN,NaN,NaN,NaN,NaN,NaN
,0.0,0.0,0,0,0.0,0.0,,,03:28:00,,,NaN,NaN,NaN,NaN,NaN,NaN,NaN
,0.0,0.0,0,0,0.0,0.0,,,03:30:00,,,NaN,NaN,NaN,NaN,NaN,NaN,NaN
,0.0,0.0,0,0,0.0,0.0,,,03:32:00,,,NaN,NaN,NaN,NaN,NaN,NaN,NaN
,0.0,0.0,0,0,0.0,0.0,,,03:34:00,,,NaN,NaN,NaN,NaN,NaN,NaN,NaN
,0.0,0.0,0,0,0.0,0.0,,,03:36:00,,,NaN,NaN,NaN,NaN,NaN,NaN,NaN
,0.0,0.0,0,0,0.0,0.0,,,03:38:00,,,NaN,NaN,NaN,NaN,NaN,NaN,NaN
,0.0,0.0,0,0,0.0,0.0,,,03:40:00,,,NaN,NaN,NaN,NaN,NaN,NaN,NaN
,0.0,0.0,0,0,0.0,0.0,,,03:42:00,,,NaN,NaN,NaN,NaN,NaN,NaN,NaN
,0.0,0.0,0,0,0.0,0.0,,,03:44:00,,,NaN,NaN,NaN,NaN,NaN,NaN,NaN
,0.0,0.0,0,0,0.0,0.0,,,03:46:00,,,NaN,NaN,NaN,NaN,NaN,NaN,NaN
,0.0,0.0,0,0,0.0,0.0,,,03:48:00,,,NaN,NaN,NaN,NaN,NaN,NaN,NaN
,0.0,0.0,0,0,0.0,0.0,,,03:50:00,,,NaN,NaN,NaN,NaN,NaN,NaN,NaN
,0.0,0.0,0,0,0.0,0.0,,,03:52:00,,,NaN,NaN,NaN,NaN,NaN,NaN,NaN
,0.0,0.0,0,0,0.0,0.0,,,03:54:00,,,NaN,NaN,NaN,NaN,NaN,NaN,NaN
,0.0,0.0,0,0,0.0,0.0,,,03:56:00,,,NaN,NaN,NaN,NaN,NaN,NaN,NaN
,0.0,0.0,0,0,0.0,0.0,,,03:58:00,,,NaN,NaN,NaN,NaN,NaN,NaN,NaN
,0.0,0.0,0,0,0.0,0.0,,,04:00:00,,,NaN,NaN,NaN,NaN,NaN,NaN,NaN
,0.0,0.0,0,0,0.0,0.0,,,04:02:00,,,NaN,NaN,NaN,NaN,NaN,NaN,NaN
,0.0,0.0,0,0,0.0,0.0,,,04:04:00,,,NaN,NaN,NaN,NaN,NaN,NaN,NaN
,0.0,0.0,0,0,0.0,0.0,,,04:06:00,,,NaN,NaN,NaN,NaN,NaN,NaN,NaN
,0.0,0.0,0,0,0.0,0.0,,,04:08:00,,,NaN,NaN,NaN,NaN,NaN,NaN,NaN
,0.0,0.0,0,0,0.0,0.0,,,04:10:00,,,NaN,NaN,NaN,NaN,NaN,NaN,NaN
,0.0,0.0,0,0,0.0,0.0,,,04:12:00,,,NaN,NaN,NaN,NaN,NaN,NaN,NaN
,0.0,0.0,0,0,0.0,0.0,,,04:14:00,,,NaN,NaN,NaN,NaN,NaN,NaN,NaN
,0.0,0.0,0,0,0.0,0.0,,,04:16:00,,,NaN,NaN,NaN,NaN,NaN,NaN,NaN
,0.0,0.0,0,0,0.0,0.0,,,04:18:00,,,NaN,NaN,NaN,NaN,NaN,NaN,NaN
,0.0,0.0,0,0,0.0,0.0,,,04:20:00,,,NaN,NaN,NaN,NaN,NaN,NaN,NaN
,0.0,0.0,0,0,0.0,0.0,,,04:22:00,,,NaN,NaN,NaN,NaN,NaN,NaN,NaN
,0.0,0.0,0,0,0.0,0.0,,,04:24:00,,,NaN,NaN,NaN,NaN,NaN,NaN,NaN
,0.0,0.0,0,0,0.0,0.0,,,04:26:00,,,NaN,NaN,NaN,NaN,NaN,NaN,NaN
,0.0,0.0,0,0,0.0,0.0,,,04:28:00,,,NaN,NaN,NaN,NaN,NaN,NaN,NaN
,0.0,0.0,0,0,0.0,0.0,,,04:30:00,,,NaN,NaN,NaN,NaN,NaN,NaN,NaN
,0.0,0.0,0,0,0.0,0.0,,,04:32:00,,,NaN,NaN,NaN,NaN,NaN,NaN,NaN
,0.0,0.0,0,0,0.0,0.0,,,04:34:00,,,NaN,NaN,NaN,NaN,NaN,NaN,NaN
,0.0,0.0,0,0,0.0,0.0,,,04:36:00,,,NaN,NaN,NaN,NaN,NaN,NaN,NaN
,0.0,0.0,0,0,0.0,0.0,,,04:38:00,,,NaN,NaN,NaN,NaN,NaN,NaN,NaN
,0.0,0.0,0,0,0.0,0.0,,,04:40:00,,,NaN,NaN,NaN,NaN,NaN,NaN,NaN
,0.0,0.0,0,0,0.0,0.0,,,04:42:00,,,NaN,NaN,NaN,NaN,NaN,NaN,NaN
,0.0,0.0,0,0,0.0,0.0,,,04:44:00,,,NaN,NaN,NaN,NaN,NaN,NaN,NaN
,0.0,0.0,0,0,0.0,0.0,,,04:46:00,,,NaN,NaN,NaN,NaN,NaN,NaN,NaN
,0.0,0.0,0,0,0.0,0.0,,,04:48:00,,,NaN,NaN,NaN,NaN,NaN,NaN,NaN
,0.0,0.0,0,0,0.0,0.0,,,04:50:00,,,NaN,NaN,NaN,NaN,NaN,NaN,NaN
,0.0,0.0,0,0,0.0,0.0,,,04:52:00,,,NaN,NaN,NaN,NaN,NaN,NaN,NaN
,0.0,0.0,0,0,0.0,0.0,,,04:54:00,,,NaN,NaN,NaN,NaN,NaN,NaN,NaN
,0.0,0.0,0,0,0.0,0.0,,,04:56:00,,,NaN,NaN,NaN,NaN,NaN,NaN,NaN
,0.0,0.0,0,0,0.0,0.0,,,04:58:00,,,NaN,NaN,NaN,NaN,NaN,NaN,NaN
,0.0,0.0,0,0,0.0,0.0,,,05:00:00,,,NaN,NaN,NaN,NaN,NaN,NaN,NaN
,0.0,0.0,0,0,0.0,0.0,,,05:02:00,,,NaN,NaN,NaN,NaN,NaN,NaN,NaN
,0.0,0.0,0,0,0.0,0.0,,,05:04:00,,,NaN,NaN,NaN,NaN,NaN,NaN,NaN
,0.0,0.0,0,0,0.0,0.0,,,05:06:00,,,NaN,NaN,NaN,NaN,NaN,NaN,NaN
,0.0,0.0,0,0,0.0,0.0,,,05:08:00,,,NaN,NaN,NaN,NaN,NaN,NaN,NaN
,0.0,0.0,0,0,0.0,0.0,,,05:10:00,,,NaN,NaN,NaN,NaN,NaN,NaN,NaN
,0.0,0.0,0,0,0.0,0.0,,,05:12:00,,,NaN,NaN,NaN,NaN,NaN,NaN,NaN
,0.0,0.0,0,0,0.0,0.0,,,05:14:00,,,NaN,NaN,NaN,NaN,NaN,NaN,NaN
,0.0,0.0,0,0,0.0,0.0,,,05:16:00,,,NaN,NaN,NaN,NaN,NaN,NaN,NaN
,0.0,0.0,0,0,0.0,0.0,,,05:18:00,,,NaN,NaN,NaN,NaN,NaN,NaN,NaN
,0.0,0.0,0,0,0.0,0.0,,,05:20:00,,,NaN,NaN,NaN,NaN,NaN,NaN,NaN
,0.0,0.0,0,0,0.0,0.0,,,05:22:00,,,NaN,NaN,NaN,NaN,NaN,NaN,NaN
,0.0,0.0,0,0,0.0,0.0,,,05:24:00,,,NaN,NaN,NaN,NaN,NaN,NaN,NaN
,0.0,0.0,0,0,0.0,0.0,,,05:26:00,,,NaN,NaN,NaN,NaN,NaN,NaN,NaN
,0.0,0.0,0,0,0.0,0.0,,,05:28:00,,,NaN,NaN,NaN,NaN,NaN,NaN,NaN
,0.0,0.0,0,0,0.0,0.0,,,05:30:00,,,NaN,NaN,NaN,NaN,NaN,NaN,NaN
,0.0,0.0,0,0,0.0,0.0,,,05:32:00,,,NaN,NaN,NaN,NaN,NaN,NaN,NaN
,0.0,0.0,0,0,0.0,0.0,,,05:34:00,,,NaN,NaN,NaN,NaN,NaN,NaN,NaN
,0.0,0.0,0,0,0.0,0.0,,,05:36:00,,,NaN,NaN,NaN,NaN,NaN,NaN,NaN
,0.0,0.0,0,0,0.0,0.0,,,05:38:00,,,NaN,NaN,NaN,NaN,NaN,NaN,NaN
,0.0,0.0,0,0,0.0,0.0,,,05:40:00,,,NaN,NaN,NaN,NaN,NaN,NaN,NaN
,0.0,0.0,0,0,0.0,0.0,,,05:42:00,,,NaN,NaN,NaN,NaN,NaN,NaN,NaN
,0.0,0.0,0,0,0.0,0.0,,,05:44:00,,,NaN,NaN,NaN,NaN,NaN,NaN,NaN
,0.0,0.0,0,0,0.0,0.0,,,05:46:00,,,NaN,NaN,NaN,NaN,NaN,NaN,NaN
,0.0,0.0,0,0,0.0,0.0,,,05:48:00,,,NaN,NaN,NaN,NaN,NaN,NaN,NaN
,0.0,0.0,0,0,0.0,0.0,,,05:50:00,,,NaN,NaN,NaN,NaN,NaN,NaN,NaN
,0.0,0.0,0,0,0.0,0.0,,,05:52:00,,,NaN,NaN,NaN,NaN,NaN,NaN,NaN
,0.0,0.0,0,0,0.0,0.0,,,05:54:00,,,NaN,NaN,NaN,NaN,NaN,NaN,NaN
,0.0,0.0,0,0,0.0,0.0,,,05:56:00,,,NaN,NaN,NaN,NaN,NaN,NaN,NaN
,0.0,0.0,0,0,0.0,0.0,,,05:58:00,,,NaN,NaN,NaN,NaN,NaN,NaN,NaN
,0.0,0.0,0,0,0.0,0.0,,,06:00:00,,,NaN,NaN,NaN,NaN,NaN,NaN,NaN
,0.0,0.0,0,0,0.0,0.0,,,06:02:00,,,NaN,NaN,NaN,NaN,NaN,NaN,NaN
,0.0,0.0,0,0,0.0,0.0,,,06:04:00,,,NaN,NaN,NaN,NaN,NaN,NaN,NaN
,0.0,0.0,0,0,0.0,0.0,,,06:06:00,,,NaN,NaN,NaN,NaN,NaN,NaN,NaN
,0.0,0.0,0,0,0.0,0.0,,,06:08:00,,,NaN,NaN,NaN,NaN,NaN,NaN,NaN
,0.0,0.0,0,0,0.0,0.0,,,06:10:00,,,NaN,NaN,NaN,NaN,NaN,NaN,NaN
,0.0,0.0,0,0,0.0,0.0,,,06:12:00,,,NaN,NaN,NaN,NaN,NaN,NaN,NaN
,0.0,0.0,0,0,0.0,0.0,,,06:14:00,,,NaN,NaN,NaN,NaN,NaN,NaN,NaN
,0.0,0.0,0,0,0.0,0.0,,,06:16:00,,,NaN,NaN,NaN,NaN,NaN,NaN,NaN
,0.0,0.0,0,0,0.0,0.0,,,06:18:00,,,NaN,NaN,NaN,NaN,NaN,NaN,NaN
,0.0,0.0,0,0,0.0,0.0,,,06:20:00,,,NaN,NaN,NaN,NaN,NaN,NaN,NaN
,0.0,0.0,0,0,0.0,0.0,,,06:22:00,,,NaN,NaN,NaN,NaN,NaN,NaN,NaN
,0.0,0.0,0,0,0.0,0.0,,,06:24:00,,,NaN,NaN,NaN,NaN,NaN,NaN,NaN
,0.0,0.0,0,0,0.0,0.0,,,06:26:00,,,NaN,NaN,NaN,NaN,NaN,NaN,NaN
,0.0,0.0,0,0,0.0,0.0,,,06:28:00,,,NaN,NaN,NaN,NaN,NaN,NaN,NaN
,0.0,0.0,0,0,0.0,0.0,,,06:30:00,,,NaN,NaN,NaN,NaN,NaN,NaN,NaN
,0.0,0.0,0,0,0.0,0.0,,,06:32:00,,,NaN,NaN,NaN,NaN,NaN,NaN,NaN
,0.0,0.0,0,0,0.0,0.0,,,06:34:00,,,NaN,NaN,NaN,NaN,NaN,NaN,NaN
,0.0,0.0,0,0,0.0,0.0,,,06:36:00,,,NaN,NaN,NaN,NaN,NaN,NaN,NaN
,0.0,0.0,0,0,0.0,0.0,,,06:38:00,,,NaN,NaN,NaN,NaN,NaN,NaN,NaN
,0.0,0.0,0,0,0.0,0.0,,,06:40:00,,,NaN,NaN,NaN,NaN,NaN,NaN,NaN
,0.0,0.0,0,0,0.0,0.0,,,06:42:00,,,NaN,NaN,NaN,NaN,NaN,NaN,NaN
,0.0,0.0,0,0,0.0,0.0,,,06:44:00,,,NaN,NaN,NaN,NaN,NaN,NaN,NaN
,0.0,0.0,0,0,0.0,0.0,,,06:46:00,,,NaN,NaN,NaN,NaN,NaN,NaN,NaN
,0.0,0.0,0,0,0.0,0.0,,,06:48:00,,,NaN,NaN,NaN,NaN,NaN,NaN,NaN
,0.0,0.0,0,0,0.0,0.0,,,06:50:00,,,NaN,NaN,NaN,NaN,NaN,NaN,NaN
,0.0,0.0,0,0,0.0,0.0,,,06:52:00,,,NaN,NaN,NaN,NaN,NaN,NaN,NaN
,0.0,0.0,0,0,0.0,0.0,,,06:54:00,,,NaN,NaN,NaN,NaN,NaN,NaN,NaN
,0.0,0.0,0,0,0.0,0.0,,,06:56:00,,,NaN,NaN,NaN,NaN,NaN,NaN,NaN
,0.0,0.0,0,0,0.0,0.0,,,06:58:00,,,NaN,NaN,NaN,NaN,NaN,NaN,NaN
,0.0,0.0,0,0,0.0,0.0,,,07:00:00,,,NaN,NaN,NaN,NaN,NaN,NaN,NaN
,0.0,0.0,0,0,0.0,0.0,,,07:02:00,,,NaN,NaN,NaN,NaN,NaN,NaN,NaN
,0.0,0.0,0,0,0.0,0.0,,,07:04:00,,,NaN,NaN,NaN,NaN,NaN,NaN,NaN
,0.0,0.0,0,0,0.0,0.0,,,07:06:00,,,NaN,NaN,NaN,NaN,NaN,NaN,NaN
,0.0,0.0,0,0,0.0,0.0,,,07:08:00,,,NaN,NaN,NaN,NaN,NaN,NaN,NaN
,0.0,0.0,0,0,0.0,0.0,,,07:10:00,,,NaN,NaN,NaN,NaN,NaN,NaN,NaN
,0.0,0.0,0,0,0.0,0.0,,,07:12:00,,,NaN,NaN,NaN,NaN,NaN,NaN,NaN
,0.0,0.0,0,0,0.0,0.0,,,07:14:00,,,NaN,NaN,NaN,NaN,NaN,NaN,NaN
,0.0,0.0,0,0,0.0,0.0,,,07:16:00,,,NaN,NaN,NaN,NaN,NaN,NaN,NaN
,0.0,0.0,0,0,0.0,0.0,,,07:18:00,,,NaN,NaN,NaN,NaN,NaN,NaN,NaN
,0.0,0.0,0,0,0.0,0.0,,,07:20:00,,,NaN,NaN,NaN,NaN,NaN,NaN,NaN
,0.0,0.0,0,0,0.0,0.0,,,07:22:00,,,NaN,NaN,NaN,NaN,NaN,NaN,NaN
,0.0,0.0,0,0,0.0,0.0,,,07:24:00,,,NaN,NaN,NaN,NaN,NaN,NaN,NaN
,0.0,0.0,0,0,0.0,0.0,,,07:26:00,,,NaN,NaN,NaN,NaN,NaN,NaN,NaN
,0.0,0.0,0,0,0.0,0.0,,,07:28:00,,,NaN,NaN,NaN,NaN,NaN,NaN,NaN
,0.0,0.0,0,0,0.0,0.0,,,07:30:00,,,NaN,NaN,NaN,NaN,NaN,NaN,NaN
,0.0,0.0,0,0,0.0,0.0,,,07:32:00,,,NaN,NaN,NaN,NaN,NaN,NaN,NaN
,0.0,0.0,0,0,0.0,0.0,,,07:34:00,,,NaN,NaN,NaN,NaN,NaN,NaN,NaN
,0.0,0.0,0,0,0.0,0.0,,,07:36:00,,,NaN,NaN,NaN,NaN,NaN,NaN,NaN
,0.0,0.0,0,0,0.0,0.0,,,07:38:00,,,NaN,NaN,NaN,NaN,NaN,NaN,NaN
,0.0,0.0,0,0,0.0,0.0,,,07:40:00,,,NaN,NaN,NaN,NaN,NaN,NaN,NaN
,0.0,0.0,0,0,0.0,0.0,,,07:42:00,,,NaN,NaN,NaN,NaN,NaN,NaN,NaN
,0.0,0.0,0,0,0.0,0.0,,,07:44:00,,,NaN,NaN,NaN,NaN,NaN,NaN,NaN
,0.0,0.0,0,0,0.0,0.0,,,07:46:00,,,NaN,NaN,NaN,NaN,NaN,NaN,NaN
,0.0,0.0,0,0,0.0,0.0,,,07:48:00,,,NaN,NaN,NaN,NaN,NaN,NaN,NaN
,0.0,0.0,0,0,0.0,0.0,,,07:50:00,,,NaN,NaN,NaN,NaN,NaN,NaN,NaN
,0.0,0.0,0,0,0.0,0.0,,,07:52:00,,,NaN,NaN,NaN,NaN,NaN,NaN,NaN
,0.0,0.0,0,0,0.0,0.0,,,07:54:00,,,NaN,NaN,NaN,NaN,NaN,NaN,NaN
,0.0,0.0,0,0,0.0,0.0,,,07:56:00,,,NaN,NaN,NaN,NaN,NaN,NaN,NaN
,0.0,0.0,0,0,0.0,0.0,,,07:58:00,,,NaN,NaN,NaN,NaN,NaN,NaN,NaN
,0.0,0.0,0,0,0.0,0.0,,,08:00:00,,,NaN,NaN,NaN,NaN,NaN,NaN,NaN
,0.0,0.0,0,0,0.0,0.0,,,08:02:00,,,NaN,NaN,NaN,NaN,NaN,NaN,NaN
,0.0,0.0,0,0,0.0,0.0,,,08:04:00,,,NaN,NaN,NaN,NaN,NaN,NaN,NaN
,0.0,0.0,0,0,0.0,0.0,,,08:06:00,,,NaN,NaN,NaN,NaN,NaN,NaN,NaN
,0.0,0.0,0,0,0.0,0.0,,,08:08:00,,,NaN,NaN,NaN,NaN,NaN,NaN,NaN
,0.0,0.0,0,0,0.0,0.0,,,08:10:00,,,NaN,NaN,NaN,NaN,NaN,NaN,NaN
,0.0,0.0,0,0,0.0,0.0,,,08:12:00,,,NaN,NaN,NaN,NaN,NaN,NaN,NaN
,0.0,0.0,0,0,0.0,0.0,,,08:14:00,,,NaN,NaN,NaN,NaN,NaN,NaN,NaN
,0.0,0.0,0,0,0.0,0.0,,,08:16:00,,,NaN,NaN,NaN,NaN,NaN,NaN,NaN
,0.0,0.0,0,0,0.0,0.0,,,08:18:00,,,NaN,NaN,NaN,NaN,NaN,NaN,NaN
,0.0,0.0,0,0,0.0,0.0,,,08:20:00,,,NaN,NaN,NaN,NaN,NaN,NaN,NaN
,0.0,0.0,0,0,0.0,0.0,,,08:22:00,,,NaN,NaN,NaN,NaN,NaN,NaN,NaN
,0.0,0.0,0,0,0.0,0.0,,,08:24:00,,,NaN,NaN,NaN,NaN,NaN,NaN,NaN
,0.0,0.0,0,0,0.0,0.0,,,08:26:00,,,NaN,NaN,NaN,NaN,NaN,NaN,NaN
,0.0,0.0,0,0,0.0,0.0,,,08:28:00,,,NaN,NaN,NaN,NaN,NaN,NaN,NaN
,0.0,0.0,0,0,0.0,0.0,,,08:30:00,,,NaN,NaN,NaN,NaN,NaN,NaN,NaN
,0.0,0.0,0,0,0.0,0.0,,,08:32:00,,,NaN,NaN,NaN,NaN,NaN,NaN,NaN
,0.0,0.0,0,0,0.0,0.0,,,08:34:00,,,NaN,NaN,NaN,NaN,NaN,NaN,NaN
,0.0,0.0,0,0,0.0,0.0,,,08:36:00,,,NaN,NaN,NaN,NaN,NaN,NaN,NaN
,0.0,0.0,0,0,0.0,0.0,,,08:38:00,,,NaN,NaN,NaN,NaN,NaN,NaN,NaN
,0.0,0.0,0,0,0.0,0.0,,,08:40:00,,,NaN,NaN,NaN,NaN,NaN,NaN,NaN
,0.0,0.0,0,0,0.0,0.0,,,08:42:00,,,NaN,NaN,NaN,NaN,NaN,NaN,NaN
,0.0,0.0,0,0,0.0,0.0,,,08:44:00,,,NaN,NaN,NaN,NaN,NaN,NaN,NaN
,0.0,0.0,0,0,0.0,0.0,,,08:46:00,,,NaN,NaN,NaN,NaN,NaN,NaN,NaN
,0.0,0.0,0,0,0.0,0.0,,,08:48:00,,,NaN,NaN,NaN,NaN,NaN,NaN,NaN
,0.0,0.0,0,0,0.0,0.0,,,08:50:00,,,NaN,NaN,NaN,NaN,NaN,NaN,NaN
,0.0,0.0,0,0,0.0,0.0,,,08:52:00,,,NaN,NaN,NaN,NaN,NaN,NaN,NaN
,0.0,0.0,0,0,0.0,0.0,,,08:54:00,,,NaN,NaN,NaN,NaN,NaN,NaN,NaN
,0.0,0.0,0,0,0.0,0.0,,,08:56:00,,,NaN,NaN,NaN,NaN,NaN,NaN,NaN
,0.0,0.0,0,0,0.0,0.0,,,08:58:00,,,NaN,NaN,NaN,NaN,NaN,NaN,NaN
,0.0,0.0,0,0,0.0,0.0,,,09:00:00,,,NaN,NaN,NaN,NaN,NaN,NaN,NaN
,0.0,0.0,0,0,0.0,0.0,,,09:02:00,,,NaN,NaN,NaN,NaN,NaN,NaN,NaN
,0.0,0.0,0,0,0.0,0.0,,,09:04:00,,,NaN,NaN,NaN,NaN,NaN,NaN,NaN
,0.0,0.0,0,0,0.0,0.0,,,09:06:00,,,NaN,NaN,NaN,NaN,NaN,NaN,NaN
,0.0,0.0,0,0,0.0,0.0,,,09:08:00,,,NaN,NaN,NaN,NaN,NaN,NaN,NaN
,0.0,0.0,0,0,0.0,0.0,,,09:10:00,,,NaN,NaN,NaN,NaN,NaN,NaN,NaN
,0.0,0.0,0,0,0.0,0.0,,,09:12:00,,,NaN,NaN,NaN,NaN,NaN,NaN,NaN
"[155.1996052653061, -31.47140065306122]",10.067,0.154,40,9,270.914,150.522,,,09:14:00,,,NaN,NaN,NaN,NaN,NaN,NaN,NaN
"[155.21601122580643, -31.512824483870965]",5.122,0.376,25,6,182.517,107.939,False,-0.82141,09:16:00,,,NaN,NaN,NaN,NaN,NaN,NaN,NaN
"[155.23757400000002, -31.49894541176471]",8.133,0.164,23,11,183.961,114.424,False,0.11922,09:18:00,,,NaN,NaN,NaN,NaN,NaN,NaN,NaN
"[155.20205305000002, -31.540648600000004]",4.829,0.273,12,8,68.606,112.881,False,-0.55969,09:20:00,,,NaN,NaN,NaN,NaN,NaN,NaN,NaN
,0.0,0.0,0,0,0.0,0.0,,,09:22:00,,,NaN,NaN,NaN,NaN,NaN,NaN,NaN
"[155.2185468, -31.56643288]",6.993,0.163,14,11,148.951,141.364,,,09:24:00,,,NaN,NaN,NaN,NaN,NaN,NaN,NaN
"[155.23469422222223, -31.570921074074075]",6.795,0.186,17,10,117.66,180.297,False,0.10545,09:26:00,,,NaN,NaN,NaN,NaN,NaN,NaN,NaN
,0.0,0.0,0,0,0.0,0.0,,,09:28:00,,,NaN,NaN,NaN,NaN,NaN,NaN,NaN
"[155.27197409374998, -31.640048906249994]",9.562,0.111,27,5,145.673,43.546,,,09:30:00,,,NaN,NaN,NaN,NaN,NaN,NaN,NaN
"[155.2537393125, -31.656235687499997]",11.163,0.082,31,1,140.386,12.079,False,0.0,09:32:00,,,NaN,NaN,NaN,NaN,NaN,NaN,NaN
"[155.27829023684214, -31.701724131578946]",12.518,0.077,29,9,156.876,146.194,False,0.25718,09:34:00,,,NaN,NaN,NaN,NaN,NaN,NaN,NaN
"[155.28763918181815, -31.707807999999996]",12.904,0.084,34,10,183.537,169.394,False,0.2861,09:36:00,,,NaN,NaN,NaN,NaN,NaN,NaN,NaN
"[155.31269797560975, -31.740715243902436]",9.925,0.132,39,2,226.036,15.086,False,-0.14273,09:38:00,,,NaN,NaN,NaN,NaN,NaN,NaN,NaN
"[155.2878311, -31.733941625]",9.498,0.141,34,6,183.471,119.558,False,-0.07213,09:40:00,,,NaN,NaN,NaN,NaN,NaN,NaN,NaN
"[155.27443994444445, -31.733728305555548]",8.203,0.17,26,10,165.957,142.888,False,-0.96169,09:42:00,,,NaN,NaN,NaN,NaN,NaN,NaN,NaN
"[155.26862691176467, -31.692838941176465]",7.866,0.175,24,10,171.305,140.257,False,-0.41082,09:44:00,,,NaN,NaN,NaN,NaN,NaN,NaN,NaN
"[155.28346313043477, -31.71314191304348]",9.169,0.087,16,7,123.361,75.026,False,-2.77615,09:46:00,,,NaN,NaN,NaN,NaN,NaN,NaN,NaN
"[155.30416185185183, -31.781706629629635]",9.863,0.177,27,27,149.298,337.123,Jump_0,7.82369,09:48:00,No_Radar,No_Radar,NaN,NaN,NaN,NaN,NaN,NaN,NaN
"[155.3107215526316, -31.790484894736846]",7.372,0.223,20,18,126.444,251.883,Jump_0,-0.97863,09:50:00,No_Radar,No_Radar,NaN,NaN,NaN,NaN,NaN,NaN,NaN
,0.0,0.0,0,0,0.0,0.0,Jump_0,,09:52:00,No_Radar,No_Radar,NaN,NaN,NaN,NaN,NaN,NaN,NaN
,0.0,0.0,0,0,0.0,0.0,Jump_0,,09:54:00,No_Radar,No_Radar,NaN,NaN,NaN,NaN,NaN,NaN,NaN
,0.0,0.0,0,0,0.0,0.0,,,09:56:00,,,NaN,NaN,NaN,NaN,NaN,NaN,NaN
,0.0,0.0,0,0,0.0,0.0,,,09:58:00,,,NaN,NaN,NaN,NaN,NaN,NaN,NaN
,0.0,0.0,0,0,0.0,0.0,,,10:00:00,,,NaN,NaN,NaN,NaN,NaN,NaN,NaN
"[155.28065211111112, -31.744158518518525]",10.378,0.08,19,8,83.804,108.81,,,10:02:00,,,NaN,NaN,NaN,NaN,NaN,NaN,NaN
,0.0,0.0,0,0,0.0,0.0,,,10:04:00,,,NaN,NaN,NaN,NaN,NaN,NaN,NaN
"[155.2979972727273, -31.753600136363637]",11.753,0.051,20,2,99.771,14.121,,,10:06:00,,,NaN,NaN,NaN,NaN,NaN,NaN,NaN
"[155.33031979166665, -31.807693083333337]",9.772,0.08,20,4,109.307,48.594,False,0.09312,10:08:00,,,NaN,NaN,NaN,NaN,NaN,NaN,NaN
,0.0,0.0,0,0,0.0,0.0,,,10:10:00,,,NaN,NaN,NaN,NaN,NaN,NaN,NaN
"[155.349215325, -31.7759531]",13.587,0.069,36,4,209.179,36.28,,,10:12:00,,,NaN,NaN,NaN,NaN,NaN,NaN,NaN
,0.0,0.0,0,0,0.0,0.0,,,10:14:00,,,NaN,NaN,NaN,NaN,NaN,NaN,NaN
"[155.41061869230765, -31.63870469230769]",23.078,0.023,33,6,188.27,81.055,,,10:16:00,,,NaN,NaN,NaN,NaN,NaN,NaN,NaN
,0.0,0.0,0,0,0.0,0.0,,,10:18:00,,,NaN,NaN,NaN,NaN,NaN,NaN,NaN
"[155.36903385, -31.865156049999996]",7.181,0.123,19,1,101.035,7.744,,,10:20:00,,,NaN,NaN,NaN,NaN,NaN,NaN,NaN
"[155.30692820000002, -31.844039999999996]",10.981,0.053,19,1,141.483,43.29,False,0.0,10:22:00,,,NaN,NaN,NaN,NaN,NaN,NaN,NaN
,0.0,0.0,0,0,0.0,0.0,,,10:24:00,,,NaN,NaN,NaN,NaN,NaN,NaN,NaN
,0.0,0.0,0,0,0.0,0.0,,,10:26:00,,,NaN,NaN,NaN,NaN,NaN,NaN,NaN
,0.0,0.0,0,0,0.0,0.0,,,10:28:00,,,NaN,NaN,NaN,NaN,NaN,NaN,NaN
,0.0,0.0,0,0,0.0,0.0,,,10:30:00,,,NaN,NaN,NaN,NaN,NaN,NaN,NaN
"[155.46685864999998, -31.455605349999995]",14.488,0.03,19,1,137.823,9.938,,,10:32:00,,,NaN,NaN,NaN,NaN,NaN,NaN,NaN
"[155.5008814761905, -31.40568623809524]",11.921,0.047,16,5,99.218,71.045,False,0.07071,10:34:00,,,NaN,NaN,NaN,NaN,NaN,NaN,NaN
"[155.56766962499998, -31.44249141666666]",4.809,0.33,20,4,116.438,43.475,False,0.33925,10:36:00,,,NaN,NaN,NaN,NaN,NaN,NaN,NaN
"[155.58232055555558, -31.45969692592593]",4.364,0.451,24,3,131.944,26.444,False,0.34945,10:38:00,,,NaN,NaN,NaN,NaN,NaN,NaN,NaN
"[156.54101125000005, -31.574798142857137]",2.762,1.168,28,0,161.024,0.0,False,0.121,10:40:00,,,NaN,NaN,NaN,NaN,NaN,NaN,NaN
"[156.55605078260874, -31.552255434782623]",7.106,0.145,20,3,126.555,13.075,False,-0.61639,10:42:00,,,NaN,NaN,NaN,NaN,NaN,NaN,NaN
"[156.53893961904762, -31.575825238095234]",6.317,0.168,20,1,123.687,16.743,False,-0.60858,10:44:00,,,NaN,NaN,NaN,NaN,NaN,NaN,NaN
,0.0,0.0,0,0,0.0,0.0,,,10:46:00,,,NaN,NaN,NaN,NaN,NaN,NaN,NaN
,0.0,0.0,0,0,0.0,0.0,,,10:48:00,,,NaN,NaN,NaN,NaN,NaN,NaN,NaN
,0.0,0.0,0,0,0.0,0.0,,,10:50:00,,,NaN,NaN,NaN,NaN,NaN,NaN,NaN
,0.0,0.0,0,0,0.0,0.0,,,10:52:00,,,NaN,NaN,NaN,NaN,NaN,NaN,NaN
,0.0,0.0,0,0,0.0,0.0,,,10:54:00,,,NaN,NaN,NaN,NaN,NaN,NaN,NaN
,0.0,0.0,0,0,0.0,0.0,,,10:56:00,,,NaN,NaN,NaN,NaN,NaN,NaN,NaN
,0.0,0.0,0,0,0.0,0.0,,,10:58:00,,,NaN,NaN,NaN,NaN,NaN,NaN,NaN
,0.0,0.0,0,0,0.0,0.0,,,11:00:00,,,NaN,NaN,NaN,NaN,NaN,NaN,NaN
,0.0,0.0,0,0,0.0,0.0,,,11:02:00,,,NaN,NaN,NaN,NaN,NaN,NaN,NaN
,0.0,0.0,0,0,0.0,0.0,,,11:04:00,,,NaN,NaN,NaN,NaN,NaN,NaN,NaN
,0.0,0.0,0,0,0.0,0.0,,,11:06:00,,,NaN,NaN,NaN,NaN,NaN,NaN,NaN
,0.0,0.0,0,0,0.0,0.0,,,11:08:00,,,NaN,NaN,NaN,NaN,NaN,NaN,NaN
,0.0,0.0,0,0,0.0,0.0,,,11:10:00,,,NaN,NaN,NaN,NaN,NaN,NaN,NaN
,0.0,0.0,0,0,0.0,0.0,,,11:12:00,,,NaN,NaN,NaN,NaN,NaN,NaN,NaN
,0.0,0.0,0,0,0.0,0.0,,,11:14:00,,,NaN,NaN,NaN,NaN,NaN,NaN,NaN
,0.0,0.0,0,0,0.0,0.0,,,11:16:00,,,NaN,NaN,NaN,NaN,NaN,NaN,NaN
,0.0,0.0,0,0,0.0,0.0,,,11:18:00,,,NaN,NaN,NaN,NaN,NaN,NaN,NaN
,0.0,0.0,0,0,0.0,0.0,,,11:20:00,,,NaN,NaN,NaN,NaN,NaN,NaN,NaN
,0.0,0.0,0,0,0.0,0.0,,,11:22:00,,,NaN,NaN,NaN,NaN,NaN,NaN,NaN
,0.0,0.0,0,0,0.0,0.0,,,11:24:00,,,NaN,NaN,NaN,NaN,NaN,NaN,NaN
"[156.82699837499996, -31.45385379166667]",12.693,0.047,20,4,150.477,93.475,,,11:26:00,,,NaN,NaN,NaN,NaN,NaN,NaN,NaN
"[156.81612736111114, -31.45210191666668]",11.882,0.081,32,4,221.59,202.042,False,1.11803,11:28:00,,,NaN,NaN,NaN,NaN,NaN,NaN,NaN
"[156.79964081481484, -31.45795074074074]",15.22,0.037,25,2,172.259,20.67,False,-0.83853,11:30:00,,,NaN,NaN,NaN,NaN,NaN,NaN,NaN
"[156.82164385000002, -31.456687799999997]",13.42,0.071,36,4,218.191,85.651,False,1.01575,11:32:00,,,NaN,NaN,NaN,NaN,NaN,NaN,NaN
"[156.80703903703704, -31.5042074074074]",15.425,0.036,23,4,151.224,160.758,False,-1.0198,11:34:00,,,NaN,NaN,NaN,NaN,NaN,NaN,NaN
"[156.75910265, -31.462610050000006]",12.999,0.038,16,4,136.428,81.589,False,-0.44423,11:36:00,,,NaN,NaN,NaN,NaN,NaN,NaN,NaN
,0.0,0.0,0,0,0.0,0.0,,,11:38:00,,,NaN,NaN,NaN,NaN,NaN,NaN,NaN
,0.0,0.0,0,0,0.0,0.0,,,11:40:00,,,NaN,NaN,NaN,NaN,NaN,NaN,NaN
,0.0,0.0,0,0,0.0,0.0,,,11:42:00,,,NaN,NaN,NaN,NaN,NaN,NaN,NaN
,0.0,0.0,0,0,0.0,0.0,,,11:44:00,,,NaN,NaN,NaN,NaN,NaN,NaN,NaN
,0.0,0.0,0,0,0.0,0.0,,,11:46:00,,,NaN,NaN,NaN,NaN,NaN,NaN,NaN
"[156.8143117, -31.494626933333333]",11.993,0.066,23,7,175.769,171.644,,,11:48:00,,,NaN,NaN,NaN,NaN,NaN,NaN,NaN
"[156.82194226923076, -31.49341426923077]",13.382,0.046,22,4,183.988,162.485,False,-0.29814,11:50:00,,,NaN,NaN,NaN,NaN,NaN,NaN,NaN
,0.0,0.0,0,0,0.0,0.0,,,11:52:00,,,NaN,NaN,NaN,NaN,NaN,NaN,NaN
,0.0,0.0,0,0,0.0,0.0,,,11:54:00,,,NaN,NaN,NaN,NaN,NaN,NaN,NaN
,0.0,0.0,0,0,0.0,0.0,,,11:56:00,,,NaN,NaN,NaN,NaN,NaN,NaN,NaN
,0.0,0.0,0,0,0.0,0.0,,,11:58:00,,,NaN,NaN,NaN,NaN,NaN,NaN,NaN
,0.0,0.0,0,0,0.0,0.0,,,12:00:00,,,NaN,NaN,NaN,NaN,NaN,NaN,NaN
,0.0,0.0,0,0,0.0,0.0,,,12:02:00,,,NaN,NaN,NaN,NaN,NaN,NaN,NaN
,0.0,0.0,0,0,0.0,0.0,,,12:04:00,,,NaN,NaN,NaN,NaN,NaN,NaN,NaN
,0.0,0.0,0,0,0.0,0.0,,,12:06:00,,,NaN,NaN,NaN,NaN,NaN,NaN,NaN
"[156.8431626, -31.314261249999998]",11.59,0.047,18,2,145.374,37.447,,,12:08:00,,,NaN,NaN,NaN,NaN,NaN,NaN,NaN
,0.0,0.0,0,0,0.0,0.0,,,12:10:00,,,NaN,NaN,NaN,NaN,NaN,NaN,NaN
"[157.255533, -32.470605846153845]",9.676,0.088,23,3,166.24,39.826,,,12:12:00,,,NaN,NaN,NaN,NaN,NaN,NaN,NaN
"[157.3244457, -32.51272156666668]",12.932,0.057,26,4,181.127,91.687,False,0.21848,12:14:00,,,NaN,NaN,NaN,NaN,NaN,NaN,NaN
,0.0,0.0,0,0,0.0,0.0,,,12:16:00,,,NaN,NaN,NaN,NaN,NaN,NaN,NaN
,0.0,0.0,0,0,0.0,0.0,,,12:18:00,,,NaN,NaN,NaN,NaN,NaN,NaN,NaN
,0.0,0.0,0,0,0.0,0.0,,,12:20:00,,,NaN,NaN,NaN,NaN,NaN,NaN,NaN
,0.0,0.0,0,0,0.0,0.0,,,12:22:00,,,NaN,NaN,NaN,NaN,NaN,NaN,NaN
,0.0,0.0,0,0,0.0,0.0,,,12:24:00,,,NaN,NaN,NaN,NaN,NaN,NaN,NaN
,0.0,0.0,0,0,0.0,0.0,,,12:26:00,,,NaN,NaN,NaN,NaN,NaN,NaN,NaN
"[157.33432657692308, -32.53624653846153]",14.905,0.037,21,5,131.851,147.612,,,12:28:00,,,NaN,NaN,NaN,NaN,NaN,NaN,NaN
,0.0,0.0,0,0,0.0,0.0,,,12:30:00,,,NaN,NaN,NaN,NaN,NaN,NaN,NaN
,0.0,0.0,0,0,0.0,0.0,,,12:32:00,,,NaN,NaN,NaN,NaN,NaN,NaN,NaN
,0.0,0.0,0,0,0.0,0.0,,,12:34:00,,,NaN,NaN,NaN,NaN,NaN,NaN,NaN
"[157.40162134375004, -32.597498312499994]",20.134,0.025,22,10,244.859,265.437,,,12:36:00,,,NaN,NaN,NaN,NaN,NaN,NaN,NaN
"[157.3303422, -32.56386751428572]",12.54,0.071,26,9,229.101,213.887,False,0.12877,12:38:00,,,NaN,NaN,NaN,NaN,NaN,NaN,NaN
"[157.3293419285714, -32.569099321428574]",15.178,0.039,19,9,162.095,243.918,False,-0.34027,12:40:00,,,NaN,NaN,NaN,NaN,NaN,NaN,NaN
,0.0,0.0,0,0,0.0,0.0,,,12:42:00,,,NaN,NaN,NaN,NaN,NaN,NaN,NaN
"[157.3059313428571, -32.587193457142845]",12.466,0.072,28,7,219.544,154.002,,,12:44:00,,,NaN,NaN,NaN,NaN,NaN,NaN,NaN
"[157.3527475, -32.569934605263164]",14.693,0.056,31,7,247.339,115.676,False,0.11247,12:46:00,,,NaN,NaN,NaN,NaN,NaN,NaN,NaN
"[157.3610601363636, -32.593923136363635]",15.582,0.058,39,5,327.409,200.214,False,0.26383,12:48:00,,,NaN,NaN,NaN,NaN,NaN,NaN,NaN
"[157.2987957083333, -32.57501879166666]",15.337,0.032,17,7,168.139,364.124,False,-0.87563,12:50:00,,,NaN,NaN,NaN,NaN,NaN,NaN,NaN
"[157.30529176, -32.585830879999996]",14.221,0.039,20,5,197.167,156.25,False,0.0404,12:52:00,,,NaN,NaN,NaN,NaN,NaN,NaN,NaN
"[157.31956674999995, -32.60980325]",14.706,0.047,26,6,242.321,168.198,False,0.35606,12:54:00,,,NaN,NaN,NaN,NaN,NaN,NaN,NaN
"[157.39490338709678, -32.6201106451613]",14.589,0.046,24,7,272.468,157.06,False,-0.09006,12:56:00,,,NaN,NaN,NaN,NaN,NaN,NaN,NaN
,0.0,0.0,0,0,0.0,0.0,,,12:58:00,,,NaN,NaN,NaN,NaN,NaN,NaN,NaN
"[157.40892879310346, -32.60291096551724]",12.244,0.062,24,5,145.743,178.269,,,13:00:00,,,NaN,NaN,NaN,NaN,NaN,NaN,NaN
"[157.34557068, -32.60023532]",16.023,0.062,48,2,325.583,50.67,False,0.97701,13:02:00,,,NaN,NaN,NaN,NaN,NaN,NaN,NaN
"[157.38705675757575, -32.586653999999996]",16.903,0.037,25,8,224.543,261.463,False,-0.73021,13:04:00,,,NaN,NaN,NaN,NaN,NaN,NaN,NaN
"[157.36277772093027, -32.597999023255824]",19.649,0.035,34,9,302.636,334.083,False,0.3974,13:06:00,,,NaN,NaN,NaN,NaN,NaN,NaN,NaN
"[157.38123542857144, -32.65826796428572]",16.464,0.033,25,3,161.282,41.437,False,-0.58799,13:08:00,,,NaN,NaN,NaN,NaN,NaN,NaN,NaN
"[157.53631191304348, -32.64525969565218]",10.133,0.071,9,14,107.019,448.832,False,-0.23979,13:10:00,,,NaN,NaN,NaN,NaN,NaN,NaN,NaN
,0.0,0.0,0,0,0.0,0.0,,,13:12:00,,,NaN,NaN,NaN,NaN,NaN,NaN,NaN
,0.0,0.0,0,0,0.0,0.0,,,13:14:00,,,NaN,NaN,NaN,NaN,NaN,NaN,NaN
,0.0,0.0,0,0,0.0,0.0,,,13:16:00,,,NaN,NaN,NaN,NaN,NaN,NaN,NaN
"[157.55089794999998, -32.70168725]",9.791,0.066,17,3,130.628,126.278,,,13:18:00,,,NaN,NaN,NaN,NaN,NaN,NaN,NaN
,0.0,0.0,0,0,0.0,0.0,,,13:20:00,,,NaN,NaN,NaN,NaN,NaN,NaN,NaN
,0.0,0.0,0,0,0.0,0.0,,,13:22:00,,,NaN,NaN,NaN,NaN,NaN,NaN,NaN
,0.0,0.0,0,0,0.0,0.0,,,13:24:00,,,NaN,NaN,NaN,NaN,NaN,NaN,NaN
,0.0,0.0,0,0,0.0,0.0,,,13:26:00,,,NaN,NaN,NaN,NaN,NaN,NaN,NaN
,0.0,0.0,0,0,0.0,0.0,,,13:28:00,,,NaN,NaN,NaN,NaN,NaN,NaN,NaN
,0.0,0.0,0,0,0.0,0.0,,,13:30:00,,,NaN,NaN,NaN,NaN,NaN,NaN,NaN
,0.0,0.0,0,0,0.0,0.0,,,13:32:00,,,NaN,NaN,NaN,NaN,NaN,NaN,NaN
,0.0,0.0,0,0,0.0,0.0,,,13:34:00,,,NaN,NaN,NaN,NaN,NaN,NaN,NaN
,0.0,0.0,0,0,0.0,0.0,,,13:36:00,,,NaN,NaN,NaN,NaN,NaN,NaN,NaN
,0.0,0.0,0,0,0.0,0.0,,,13:38:00,,,NaN,NaN,NaN,NaN,NaN,NaN,NaN
,0.0,0.0,0,0,0.0,0.0,,,13:40:00,,,NaN,NaN,NaN,NaN,NaN,NaN,NaN
,0.0,0.0,0,0,0.0,0.0,,,13:42:00,,,NaN,NaN,NaN,NaN,NaN,NaN,NaN
,0.0,0.0,0,0,0.0,0.0,,,13:44:00,,,NaN,NaN,NaN,NaN,NaN,NaN,NaN
,0.0,0.0,0,0,0.0,0.0,,,13:46:00,,,NaN,NaN,NaN,NaN,NaN,NaN,NaN
,0.0,0.0,0,0,0.0,0.0,,,13:48:00,,,NaN,NaN,NaN,NaN,NaN,NaN,NaN
,0.0,0.0,0,0,0.0,0.0,,,13:50:00,,,NaN,NaN,NaN,NaN,NaN,NaN,NaN
,0.0,0.0,0,0,0.0,0.0,,,13:52:00,,,NaN,NaN,NaN,NaN,NaN,NaN,NaN
,0.0,0.0,0,0,0.0,0.0,,,13:54:00,,,NaN,NaN,NaN,NaN,NaN,NaN,NaN
,0.0,0.0,0,0,0.0,0.0,,,13:56:00,,,NaN,NaN,NaN,NaN,NaN,NaN,NaN
,0.0,0.0,0,0,0.0,0.0,,,13:58:00,,,NaN,NaN,NaN,NaN,NaN,NaN,NaN
,0.0,0.0,0,0,0.0,0.0,,,14:00:00,,,NaN,NaN,NaN,NaN,NaN,NaN,NaN
,0.0,0.0,0,0,0.0,0.0,,,14:02:00,,,NaN,NaN,NaN,NaN,NaN,NaN,NaN
,0.0,0.0,0,0,0.0,0.0,,,14:04:00,,,NaN,NaN,NaN,NaN,NaN,NaN,NaN
,0.0,0.0,0,0,0.0,0.0,,,14:06:00,,,NaN,NaN,NaN,NaN,NaN,NaN,NaN
,0.0,0.0,0,0,0.0,0.0,,,14:08:00,,,NaN,NaN,NaN,NaN,NaN,NaN,NaN
,0.0,0.0,0,0,0.0,0.0,,,14:10:00,,,NaN,NaN,NaN,NaN,NaN,NaN,NaN
,0.0,0.0,0,0,0.0,0.0,,,14:12:00,,,NaN,NaN,NaN,NaN,NaN,NaN,NaN
,0.0,0.0,0,0,0.0,0.0,,,14:14:00,,,NaN,NaN,NaN,NaN,NaN,NaN,NaN
,0.0,0.0,0,0,0.0,0.0,,,14:16:00,,,NaN,NaN,NaN,NaN,NaN,NaN,NaN
,0.0,0.0,0,0,0.0,0.0,,,14:18:00,,,NaN,NaN,NaN,NaN,NaN,NaN,NaN
,0.0,0.0,0,0,0.0,0.0,,,14:20:00,,,NaN,NaN,NaN,NaN,NaN,NaN,NaN
,0.0,0.0,0,0,0.0,0.0,,,14:22:00,,,NaN,NaN,NaN,NaN,NaN,NaN,NaN
,0.0,0.0,0,0,0.0,0.0,,,14:24:00,,,NaN,NaN,NaN,NaN,NaN,NaN,NaN
,0.0,0.0,0,0,0.0,0.0,,,14:26:00,,,NaN,NaN,NaN,NaN,NaN,NaN,NaN
,0.0,0.0,0,0,0.0,0.0,,,14:28:00,,,NaN,NaN,NaN,NaN,NaN,NaN,NaN
,0.0,0.0,0,0,0.0,0.0,,,14:30:00,,,NaN,NaN,NaN,NaN,NaN,NaN,NaN
,0.0,0.0,0,0,0.0,0.0,,,14:32:00,,,NaN,NaN,NaN,NaN,NaN,NaN,NaN
,0.0,0.0,0,0,0.0,0.0,,,14:34:00,,,NaN,NaN,NaN,NaN,NaN,NaN,NaN
,0.0,0.0,0,0,0.0,0.0,,,14:36:00,,,NaN,NaN,NaN,NaN,NaN,NaN,NaN
,0.0,0.0,0,0,0.0,0.0,,,14:38:00,,,NaN,NaN,NaN,NaN,NaN,NaN,NaN
,0.0,0.0,0,0,0.0,0.0,,,14:40:00,,,NaN,NaN,NaN,NaN,NaN,NaN,NaN
,0.0,0.0,0,0,0.0,0.0,,,14:42:00,,,NaN,NaN,NaN,NaN,NaN,NaN,NaN
,0.0,0.0,0,0,0.0,0.0,,,14:44:00,,,NaN,NaN,NaN,NaN,NaN,NaN,NaN
,0.0,0.0,0,0,0.0,0.0,,,14:46:00,,,NaN,NaN,NaN,NaN,NaN,NaN,NaN
,0.0,0.0,0,0,0.0,0.0,,,14:48:00,,,NaN,NaN,NaN,NaN,NaN,NaN,NaN
,0.0,0.0,0,0,0.0,0.0,,,14:50:00,,,NaN,NaN,NaN,NaN,NaN,NaN,NaN
,0.0,0.0,0,0,0.0,0.0,,,14:52:00,,,NaN,NaN,NaN,NaN,NaN,NaN,NaN
,0.0,0.0,0,0,0.0,0.0,,,14:54:00,,,NaN,NaN,NaN,NaN,NaN,NaN,NaN
,0.0,0.0,0,0,0.0,0.0,,,14:56:00,,,NaN,NaN,NaN,NaN,NaN,NaN,NaN
,0.0,0.0,0,0,0.0,0.0,,,14:58:00,,,NaN,NaN,NaN,NaN,NaN,NaN,NaN
,0.0,0.0,0,0,0.0,0.0,,,15:00:00,,,NaN,NaN,NaN,NaN,NaN,NaN,NaN
,0.0,0.0,0,0,0.0,0.0,,,15:02:00,,,NaN,NaN,NaN,NaN,NaN,NaN,NaN
,0.0,0.0,0,0,0.0,0.0,,,15:04:00,,,NaN,NaN,NaN,NaN,NaN,NaN,NaN
"[156.31098790476193, -33.48459352380953]",6.676,0.15,13,8,144.28,360.054,,,15:06:00,,,NaN,NaN,NaN,NaN,NaN,NaN,NaN
,0.0,0.0,0,0,0.0,0.0,,,15:08:00,,,NaN,NaN,NaN,NaN,NaN,NaN,NaN
,0.0,0.0,0,0,0.0,0.0,,,15:10:00,,,NaN,NaN,NaN,NaN,NaN,NaN,NaN
,0.0,0.0,0,0,0.0,0.0,,,15:12:00,,,NaN,NaN,NaN,NaN,NaN,NaN,NaN
,0.0,0.0,0,0,0.0,0.0,,,15:14:00,,,NaN,NaN,NaN,NaN,NaN,NaN,NaN
,0.0,0.0,0,0,0.0,0.0,,,15:16:00,,,NaN,NaN,NaN,NaN,NaN,NaN,NaN
,0.0,0.0,0,0,0.0,0.0,,,15:18:00,,,NaN,NaN,NaN,NaN,NaN,NaN,NaN
,0.0,0.0,0,0,0.0,0.0,,,15:20:00,,,NaN,NaN,NaN,NaN,NaN,NaN,NaN
,0.0,0.0,0,0,0.0,0.0,,,15:22:00,,,NaN,NaN,NaN,NaN,NaN,NaN,NaN
,0.0,0.0,0,0,0.0,0.0,,,15:24:00,,,NaN,NaN,NaN,NaN,NaN,NaN,NaN
,0.0,0.0,0,0,0.0,0.0,,,15:26:00,,,NaN,NaN,NaN,NaN,NaN,NaN,NaN
,0.0,0.0,0,0,0.0,0.0,,,15:28:00,,,NaN,NaN,NaN,NaN,NaN,NaN,NaN
,0.0,0.0,0,0,0.0,0.0,,,15:30:00,,,NaN,NaN,NaN,NaN,NaN,NaN,NaN
,0.0,0.0,0,0,0.0,0.0,,,15:32:00,,,NaN,NaN,NaN,NaN,NaN,NaN,NaN
,0.0,0.0,0,0,0.0,0.0,,,15:34:00,,,NaN,NaN,NaN,NaN,NaN,NaN,NaN
,0.0,0.0,0,0,0.0,0.0,,,15:36:00,,,NaN,NaN,NaN,NaN,NaN,NaN,NaN
,0.0,0.0,0,0,0.0,0.0,,,15:38:00,,,NaN,NaN,NaN,NaN,NaN,NaN,NaN
,0.0,0.0,0,0,0.0,0.0,,,15:40:00,,,NaN,NaN,NaN,NaN,NaN,NaN,NaN
,0.0,0.0,0,0,0.0,0.0,,,15:42:00,,,NaN,NaN,NaN,NaN,NaN,NaN,NaN
,0.0,0.0,0,0,0.0,0.0,,,15:44:00,,,NaN,NaN,NaN,NaN,NaN,NaN,NaN
,0.0,0.0,0,0,0.0,0.0,,,15:46:00,,,NaN,NaN,NaN,NaN,NaN,NaN,NaN
,0.0,0.0,0,0,0.0,0.0,,,15:48:00,,,NaN,NaN,NaN,NaN,NaN,NaN,NaN
,0.0,0.0,0,0,0.0,0.0,,,15:50:00,,,NaN,NaN,NaN,NaN,NaN,NaN,NaN
,0.0,0.0,0,0,0.0,0.0,,,15:52:00,,,NaN,NaN,NaN,NaN,NaN,NaN,NaN
,0.0,0.0,0,0,0.0,0.0,,,15:54:00,,,NaN,NaN,NaN,NaN,NaN,NaN,NaN
,0.0,0.0,0,0,0.0,0.0,,,15:56:00,,,NaN,NaN,NaN,NaN,NaN,NaN,NaN
,0.0,0.0,0,0,0.0,0.0,,,15:58:00,,,NaN,NaN,NaN,NaN,NaN,NaN,NaN
,0.0,0.0,0,0,0.0,0.0,,,16:00:00,,,NaN,NaN,NaN,NaN,NaN,NaN,NaN
,0.0,0.0,0,0,0.0,0.0,,,16:02:00,,,NaN,NaN,NaN,NaN,NaN,NaN,NaN
,0.0,0.0,0,0,0.0,0.0,,,16:04:00,,,NaN,NaN,NaN,NaN,NaN,NaN,NaN
,0.0,0.0,0,0,0.0,0.0,,,16:06:00,,,NaN,NaN,NaN,NaN,NaN,NaN,NaN
,0.0,0.0,0,0,0.0,0.0,,,16:08:00,,,NaN,NaN,NaN,NaN,NaN,NaN,NaN
,0.0,0.0,0,0,0.0,0.0,,,16:10:00,,,NaN,NaN,NaN,NaN,NaN,NaN,NaN
,0.0,0.0,0,0,0.0,0.0,,,16:12:00,,,NaN,NaN,NaN,NaN,NaN,NaN,NaN
,0.0,0.0,0,0,0.0,0.0,,,16:14:00,,,NaN,NaN,NaN,NaN,NaN,NaN,NaN
,0.0,0.0,0,0,0.0,0.0,,,16:16:00,,,NaN,NaN,NaN,NaN,NaN,NaN,NaN
,0.0,0.0,0,0,0.0,0.0,,,16:18:00,,,NaN,NaN,NaN,NaN,NaN,NaN,NaN
,0.0,0.0,0,0,0.0,0.0,,,16:20:00,,,NaN,NaN,NaN,NaN,NaN,NaN,NaN
,0.0,0.0,0,0,0.0,0.0,,,16:22:00,,,NaN,NaN,NaN,NaN,NaN,NaN,NaN
,0.0,0.0,0,0,0.0,0.0,,,16:24:00,,,NaN,NaN,NaN,NaN,NaN,NaN,NaN
,0.0,0.0,0,0,0.0,0.0,,,16:26:00,,,NaN,NaN,NaN,NaN,NaN,NaN,NaN
,0.0,0.0,0,0,0.0,0.0,,,16:28:00,,,NaN,NaN,NaN,NaN,NaN,NaN,NaN
,0.0,0.0,0,0,0.0,0.0,,,16:30:00,,,NaN,NaN,NaN,NaN,NaN,NaN,NaN
,0.0,0.0,0,0,0.0,0.0,,,16:32:00,,,NaN,NaN,NaN,NaN,NaN,NaN,NaN
,0.0,0.0,0,0,0.0,0.0,,,16:34:00,,,NaN,NaN,NaN,NaN,NaN,NaN,NaN
,0.0,0.0,0,0,0.0,0.0,,,16:36:00,,,NaN,NaN,NaN,NaN,NaN,NaN,NaN
,0.0,0.0,0,0,0.0,0.0,,,16:38:00,,,NaN,NaN,NaN,NaN,NaN,NaN,NaN
,0.0,0.0,0,0,0.0,0.0,,,16:40:00,,,NaN,NaN,NaN,NaN,NaN,NaN,NaN
,0.0,0.0,0,0,0.0,0.0,,,16:42:00,,,NaN,NaN,NaN,NaN,NaN,NaN,NaN
,0.0,0.0,0,0,0.0,0.0,,,16:44:00,,,NaN,NaN,NaN,NaN,NaN,NaN,NaN
,0.0,0.0,0,0,0.0,0.0,,,16:46:00,,,NaN,NaN,NaN,NaN,NaN,NaN,NaN
,0.0,0.0,0,0,0.0,0.0,,,16:48:00,,,NaN,NaN,NaN,NaN,NaN,NaN,NaN
,0.0,0.0,0,0,0.0,0.0,,,16:50:00,,,NaN,NaN,NaN,NaN,NaN,NaN,NaN
,0.0,0.0,0,0,0.0,0.0,,,16:52:00,,,NaN,NaN,NaN,NaN,NaN,NaN,NaN
,0.0,0.0,0,0,0.0,0.0,,,16:54:00,,,NaN,NaN,NaN,NaN,NaN,NaN,NaN
,0.0,0.0,0,0,0.0,0.0,,,16:56:00,,,NaN,NaN,NaN,NaN,NaN,NaN,NaN
,0.0,0.0,0,0,0.0,0.0,,,16:58:00,,,NaN,NaN,NaN,NaN,NaN,NaN,NaN
,0.0,0.0,0,0,0.0,0.0,,,17:00:00,,,NaN,NaN,NaN,NaN,NaN,NaN,NaN
,0.0,0.0,0,0,0.0,0.0,,,17:02:00,,,NaN,NaN,NaN,NaN,NaN,NaN,NaN
,0.0,0.0,0,0,0.0,0.0,,,17:04:00,,,NaN,NaN,NaN,NaN,NaN,NaN,NaN
,0.0,0.0,0,0,0.0,0.0,,,17:06:00,,,NaN,NaN,NaN,NaN,NaN,NaN,NaN
,0.0,0.0,0,0,0.0,0.0,,,17:08:00,,,NaN,NaN,NaN,NaN,NaN,NaN,NaN
,0.0,0.0,0,0,0.0,0.0,,,17:10:00,,,NaN,NaN,NaN,NaN,NaN,NaN,NaN
,0.0,0.0,0,0,0.0,0.0,,,17:12:00,,,NaN,NaN,NaN,NaN,NaN,NaN,NaN
,0.0,0.0,0,0,0.0,0.0,,,17:14:00,,,NaN,NaN,NaN,NaN,NaN,NaN,NaN
,0.0,0.0,0,0,0.0,0.0,,,17:16:00,,,NaN,NaN,NaN,NaN,NaN,NaN,NaN
,0.0,0.0,0,0,0.0,0.0,,,17:18:00,,,NaN,NaN,NaN,NaN,NaN,NaN,NaN
,0.0,0.0,0,0,0.0,0.0,,,17:20:00,,,NaN,NaN,NaN,NaN,NaN,NaN,NaN
,0.0,0.0,0,0,0.0,0.0,,,17:22:00,,,NaN,NaN,NaN,NaN,NaN,NaN,NaN
,0.0,0.0,0,0,0.0,0.0,,,17:24:00,,,NaN,NaN,NaN,NaN,NaN,NaN,NaN
,0.0,0.0,0,0,0.0,0.0,,,17:26:00,,,NaN,NaN,NaN,NaN,NaN,NaN,NaN
,0.0,0.0,0,0,0.0,0.0,,,17:28:00,,,NaN,NaN,NaN,NaN,NaN,NaN,NaN
,0.0,0.0,0,0,0.0,0.0,,,17:30:00,,,NaN,NaN,NaN,NaN,NaN,NaN,NaN
,0.0,0.0,0,0,0.0,0.0,,,17:32:00,,,NaN,NaN,NaN,NaN,NaN,NaN,NaN
,0.0,0.0,0,0,0.0,0.0,,,17:34:00,,,NaN,NaN,NaN,NaN,NaN,NaN,NaN
,0.0,0.0,0,0,0.0,0.0,,,17:36:00,,,NaN,NaN,NaN,NaN,NaN,NaN,NaN
,0.0,0.0,0,0,0.0,0.0,,,17:38:00,,,NaN,NaN,NaN,NaN,NaN,NaN,NaN
,0.0,0.0,0,0,0.0,0.0,,,17:40:00,,,NaN,NaN,NaN,NaN,NaN,NaN,NaN
,0.0,0.0,0,0,0.0,0.0,,,17:42:00,,,NaN,NaN,NaN,NaN,NaN,NaN,NaN
,0.0,0.0,0,0,0.0,0.0,,,17:44:00,,,NaN,NaN,NaN,NaN,NaN,NaN,NaN
,0.0,0.0,0,0,0.0,0.0,,,17:46:00,,,NaN,NaN,NaN,NaN,NaN,NaN,NaN
,0.0,0.0,0,0,0.0,0.0,,,17:48:00,,,NaN,NaN,NaN,NaN,NaN,NaN,NaN
,0.0,0.0,0,0,0.0,0.0,,,17:50:00,,,NaN,NaN,NaN,NaN,NaN,NaN,NaN
,0.0,0.0,0,0,0.0,0.0,,,17:52:00,,,NaN,NaN,NaN,NaN,NaN,NaN,NaN
,0.0,0.0,0,0,0.0,0.0,,,17:54:00,,,NaN,NaN,NaN,NaN,NaN,NaN,NaN
,0.0,0.0,0,0,0.0,0.0,,,17:56:00,,,NaN,NaN,NaN,NaN,NaN,NaN,NaN
,0.0,0.0,0,0,0.0,0.0,,,17:58:00,,,NaN,NaN,NaN,NaN,NaN,NaN,NaN
,0.0,0.0,0,0,0.0,0.0,,,18:00:00,,,NaN,NaN,NaN,NaN,NaN,NaN,NaN
,0.0,0.0,0,0,0.0,0.0,,,18:02:00,,,NaN,NaN,NaN,NaN,NaN,NaN,NaN
,0.0,0.0,0,0,0.0,0.0,,,18:04:00,,,NaN,NaN,NaN,NaN,NaN,NaN,NaN
,0.0,0.0,0,0,0.0,0.0,,,18:06:00,,,NaN,NaN,NaN,NaN,NaN,NaN,NaN
,0.0,0.0,0,0,0.0,0.0,,,18:08:00,,,NaN,NaN,NaN,NaN,NaN,NaN,NaN
,0.0,0.0,0,0,0.0,0.0,,,18:10:00,,,NaN,NaN,NaN,NaN,NaN,NaN,NaN
,0.0,0.0,0,0,0.0,0.0,,,18:12:00,,,NaN,NaN,NaN,NaN,NaN,NaN,NaN
,0.0,0.0,0,0,0.0,0.0,,,18:14:00,,,NaN,NaN,NaN,NaN,NaN,NaN,NaN
,0.0,0.0,0,0,0.0,0.0,,,18:16:00,,,NaN,NaN,NaN,NaN,NaN,NaN,NaN
,0.0,0.0,0,0,0.0,0.0,,,18:18:00,,,NaN,NaN,NaN,NaN,NaN,NaN,NaN
,0.0,0.0,0,0,0.0,0.0,,,18:20:00,,,NaN,NaN,NaN,NaN,NaN,NaN,NaN
,0.0,0.0,0,0,0.0,0.0,,,18:22:00,,,NaN,NaN,NaN,NaN,NaN,NaN,NaN
,0.0,0.0,0,0,0.0,0.0,,,18:24:00,,,NaN,NaN,NaN,NaN,NaN,NaN,NaN
,0.0,0.0,0,0,0.0,0.0,,,18:26:00,,,NaN,NaN,NaN,NaN,NaN,NaN,NaN
,0.0,0.0,0,0,0.0,0.0,,,18:28:00,,,NaN,NaN,NaN,NaN,NaN,NaN,NaN
,0.0,0.0,0,0,0.0,0.0,,,18:30:00,,,NaN,NaN,NaN,NaN,NaN,NaN,NaN
,0.0,0.0,0,0,0.0,0.0,,,18:32:00,,,NaN,NaN,NaN,NaN,NaN,NaN,NaN
,0.0,0.0,0,0,0.0,0.0,,,18:34:00,,,NaN,NaN,NaN,NaN,NaN,NaN,NaN
,0.0,0.0,0,0,0.0,0.0,,,18:36:00,,,NaN,NaN,NaN,NaN,NaN,NaN,NaN
,0.0,0.0,0,0,0.0,0.0,,,18:38:00,,,NaN,NaN,NaN,NaN,NaN,NaN,NaN
,0.0,0.0,0,0,0.0,0.0,,,18:40:00,,,NaN,NaN,NaN,NaN,NaN,NaN,NaN
,0.0,0.0,0,0,0.0,0.0,,,18:42:00,,,NaN,NaN,NaN,NaN,NaN,NaN,NaN
,0.0,0.0,0,0,0.0,0.0,,,18:44:00,,,NaN,NaN,NaN,NaN,NaN,NaN,NaN
,0.0,0.0,0,0,0.0,0.0,,,18:46:00,,,NaN,NaN,NaN,NaN,NaN,NaN,NaN
,0.0,0.0,0,0,0.0,0.0,,,18:48:00,,,NaN,NaN,NaN,NaN,NaN,NaN,NaN
,0.0,0.0,0,0,0.0,0.0,,,18:50:00,,,NaN,NaN,NaN,NaN,NaN,NaN,NaN
,0.0,0.0,0,0,0.0,0.0,,,18:52:00,,,NaN,NaN,NaN,NaN,NaN,NaN,NaN
,0.0,0.0,0,0,0.0,0.0,,,18:54:00,,,NaN,NaN,NaN,NaN,NaN,NaN,NaN
,0.0,0.0,0,0,0.0,0.0,,,18:56:00,,,NaN,NaN,NaN,NaN,NaN,NaN,NaN
,0.0,0.0,0,0,0.0,0.0,,,18:58:00,,,NaN,NaN,NaN,NaN,NaN,NaN,NaN
,0.0,0.0,0,0,0.0,0.0,,,19:00:00,,,NaN,NaN,NaN,NaN,NaN,NaN,NaN
,0.0,0.0,0,0,0.0,0.0,,,19:02:00,,,NaN,NaN,NaN,NaN,NaN,NaN,NaN
,0.0,0.0,0,0,0.0,0.0,,,19:04:00,,,NaN,NaN,NaN,NaN,NaN,NaN,NaN
,0.0,0.0,0,0,0.0,0.0,,,19:06:00,,,NaN,NaN,NaN,NaN,NaN,NaN,NaN
,0.0,0.0,0,0,0.0,0.0,,,19:08:00,,,NaN,NaN,NaN,NaN,NaN,NaN,NaN
,0.0,0.0,0,0,0.0,0.0,,,19:10:00,,,NaN,NaN,NaN,NaN,NaN,NaN,NaN
,0.0,0.0,0,0,0.0,0.0,,,19:12:00,,,NaN,NaN,NaN,NaN,NaN,NaN,NaN
,0.0,0.0,0,0,0.0,0.0,,,19:14:00,,,NaN,NaN,NaN,NaN,NaN,NaN,NaN
,0.0,0.0,0,0,0.0,0.0,,,19:16:00,,,NaN,NaN,NaN,NaN,NaN,NaN,NaN
,0.0,0.0,0,0,0.0,0.0,,,19:18:00,,,NaN,NaN,NaN,NaN,NaN,NaN,NaN
,0.0,0.0,0,0,0.0,0.0,,,19:20:00,,,NaN,NaN,NaN,NaN,NaN,NaN,NaN
,0.0,0.0,0,0,0.0,0.0,,,19:22:00,,,NaN,NaN,NaN,NaN,NaN,NaN,NaN
,0.0,0.0,0,0,0.0,0.0,,,19:24:00,,,NaN,NaN,NaN,NaN,NaN,NaN,NaN
,0.0,0.0,0,0,0.0,0.0,,,19:26:00,,,NaN,NaN,NaN,NaN,NaN,NaN,NaN
,0.0,0.0,0,0,0.0,0.0,,,19:28:00,,,NaN,NaN,NaN,NaN,NaN,NaN,NaN
,0.0,0.0,0,0,0.0,0.0,,,19:30:00,,,NaN,NaN,NaN,NaN,NaN,NaN,NaN
,0.0,0.0,0,0,0.0,0.0,,,19:32:00,,,NaN,NaN,NaN,NaN,NaN,NaN,NaN
,0.0,0.0,0,0,0.0,0.0,,,19:34:00,,,NaN,NaN,NaN,NaN,NaN,NaN,NaN
,0.0,0.0,0,0,0.0,0.0,,,19:36:00,,,NaN,NaN,NaN,NaN,NaN,NaN,NaN
,0.0,0.0,0,0,0.0,0.0,,,19:38:00,,,NaN,NaN,NaN,NaN,NaN,NaN,NaN
,0.0,0.0,0,0,0.0,0.0,,,19:40:00,,,NaN,NaN,NaN,NaN,NaN,NaN,NaN
,0.0,0.0,0,0,0.0,0.0,,,19:42:00,,,NaN,NaN,NaN,NaN,NaN,NaN,NaN
,0.0,0.0,0,0,0.0,0.0,,,19:44:00,,,NaN,NaN,NaN,NaN,NaN,NaN,NaN
,0.0,0.0,0,0,0.0,0.0,,,19:46:00,,,NaN,NaN,NaN,NaN,NaN,NaN,NaN
,0.0,0.0,0,0,0.0,0.0,,,19:48:00,,,NaN,NaN,NaN,NaN,NaN,NaN,NaN
,0.0,0.0,0,0,0.0,0.0,,,19:50:00,,,NaN,NaN,NaN,NaN,NaN,NaN,NaN
,0.0,0.0,0,0,0.0,0.0,,,19:52:00,,,NaN,NaN,NaN,NaN,NaN,NaN,NaN
,0.0,0.0,0,0,0.0,0.0,,,19:54:00,,,NaN,NaN,NaN,NaN,NaN,NaN,NaN
,0.0,0.0,0,0,0.0,0.0,,,19:56:00,,,NaN,NaN,NaN,NaN,NaN,NaN,NaN
,0.0,0.0,0,0,0.0,0.0,,,19:58:00,,,NaN,NaN,NaN,NaN,NaN,NaN,NaN
,0.0,0.0,0,0,0.0,0.0,,,20:00:00,,,NaN,NaN,NaN,NaN,NaN,NaN,NaN
,0.0,0.0,0,0,0.0,0.0,,,20:02:00,,,NaN,NaN,NaN,NaN,NaN,NaN,NaN
,0.0,0.0,0,0,0.0,0.0,,,20:04:00,,,NaN,NaN,NaN,NaN,NaN,NaN,NaN
,0.0,0.0,0,0,0.0,0.0,,,20:06:00,,,NaN,NaN,NaN,NaN,NaN,NaN,NaN
,0.0,0.0,0,0,0.0,0.0,,,20:08:00,,,NaN,NaN,NaN,NaN,NaN,NaN,NaN
,0.0,0.0,0,0,0.0,0.0,,,20:10:00,,,NaN,NaN,NaN,NaN,NaN,NaN,NaN
,0.0,0.0,0,0,0.0,0.0,,,20:12:00,,,NaN,NaN,NaN,NaN,NaN,NaN,NaN
,0.0,0.0,0,0,0.0,0.0,,,20:14:00,,,NaN,NaN,NaN,NaN,NaN,NaN,NaN
,0.0,0.0,0,0,0.0,0.0,,,20:16:00,,,NaN,NaN,NaN,NaN,NaN,NaN,NaN
,0.0,0.0,0,0,0.0,0.0,,,20:18:00,,,NaN,NaN,NaN,NaN,NaN,NaN,NaN
,0.0,0.0,0,0,0.0,0.0,,,20:20:00,,,NaN,NaN,NaN,NaN,NaN,NaN,NaN
,0.0,0.0,0,0,0.0,0.0,,,20:22:00,,,NaN,NaN,NaN,NaN,NaN,NaN,NaN
,0.0,0.0,0,0,0.0,0.0,,,20:24:00,,,NaN,NaN,NaN,NaN,NaN,NaN,NaN
,0.0,0.0,0,0,0.0,0.0,,,20:26:00,,,NaN,NaN,NaN,NaN,NaN,NaN,NaN
,0.0,0.0,0,0,0.0,0.0,,,20:28:00,,,NaN,NaN,NaN,NaN,NaN,NaN,NaN
,0.0,0.0,0,0,0.0,0.0,,,20:30:00,,,NaN,NaN,NaN,NaN,NaN,NaN,NaN
,0.0,0.0,0,0,0.0,0.0,,,20:32:00,,,NaN,NaN,NaN,NaN,NaN,NaN,NaN
,0.0,0.0,0,0,0.0,0.0,,,20:34:00,,,NaN,NaN,NaN,NaN,NaN,NaN,NaN
,0.0,0.0,0,0,0.0,0.0,,,20:36:00,,,NaN,NaN,NaN,NaN,NaN,NaN,NaN
,0.0,0.0,0,0,0.0,0.0,,,20:38:00,,,NaN,NaN,NaN,NaN,NaN,NaN,NaN
,0.0,0.0,0,0,0.0,0.0,,,20:40:00,,,NaN,NaN,NaN,NaN,NaN,NaN,NaN
,0.0,0.0,0,0,0.0,0.0,,,20:42:00,,,NaN,NaN,NaN,NaN,NaN,NaN,NaN
,0.0,0.0,0,0,0.0,0.0,,,20:44:00,,,NaN,NaN,NaN,NaN,NaN,NaN,NaN
,0.0,0.0,0,0,0.0,0.0,,,20:46:00,,,NaN,NaN,NaN,NaN,NaN,NaN,NaN
,0.0,0.0,0,0,0.0,0.0,,,20:48:00,,,NaN,NaN,NaN,NaN,NaN,NaN,NaN
,0.0,0.0,0,0,0.0,0.0,,,20:50:00,,,NaN,NaN,NaN,NaN,NaN,NaN,NaN
,0.0,0.0,0,0,0.0,0.0,,,20:52:00,,,NaN,NaN,NaN,NaN,NaN,NaN,NaN
,0.0,0.0,0,0,0.0,0.0,,,20:54:00,,,NaN,NaN,NaN,NaN,NaN,NaN,NaN
,0.0,0.0,0,0,0.0,0.0,,,20:56:00,,,NaN,NaN,NaN,NaN,NaN,NaN,NaN
,0.0,0.0,0,0,0.0,0.0,,,20:58:00,,,NaN,NaN,NaN,NaN,NaN,NaN,NaN
,0.0,0.0,0,0,0.0,0.0,,,21:00:00,,,NaN,NaN,NaN,NaN,NaN,NaN,NaN
,0.0,0.0,0,0,0.0,0.0,,,21:02:00,,,NaN,NaN,NaN,NaN,NaN,NaN,NaN
,0.0,0.0,0,0,0.0,0.0,,,21:04:00,,,NaN,NaN,NaN,NaN,NaN,NaN,NaN
,0.0,0.0,0,0,0.0,0.0,,,21:06:00,,,NaN,NaN,NaN,NaN,NaN,NaN,NaN
,0.0,0.0,0,0,0.0,0.0,,,21:08:00,,,NaN,NaN,NaN,NaN,NaN,NaN,NaN
,0.0,0.0,0,0,0.0,0.0,,,21:10:00,,,NaN,NaN,NaN,NaN,NaN,NaN,NaN
,0.0,0.0,0,0,0.0,0.0,,,21:12:00,,,NaN,NaN,NaN,NaN,NaN,NaN,NaN
,0.0,0.0,0,0,0.0,0.0,,,21:14:00,,,NaN,NaN,NaN,NaN,NaN,NaN,NaN
,0.0,0.0,0,0,0.0,0.0,,,21:16:00,,,NaN,NaN,NaN,NaN,NaN,NaN,NaN
,0.0,0.0,0,0,0.0,0.0,,,21:18:00,,,NaN,NaN,NaN,NaN,NaN,NaN,NaN
,0.0,0.0,0,0,0.0,0.0,,,21:20:00,,,NaN,NaN,NaN,NaN,NaN,NaN,NaN
,0.0,0.0,0,0,0.0,0.0,,,21:22:00,,,NaN,NaN,NaN,NaN,NaN,NaN,NaN
,0.0,0.0,0,0,0.0,0.0,,,21:24:00,,,NaN,NaN,NaN,NaN,NaN,NaN,NaN
,0.0,0.0,0,0,0.0,0.0,,,21:26:00,,,NaN,NaN,NaN,NaN,NaN,NaN,NaN
,0.0,0.0,0,0,0.0,0.0,,,21:28:00,,,NaN,NaN,NaN,NaN,NaN,NaN,NaN
,0.0,0.0,0,0,0.0,0.0,,,21:30:00,,,NaN,NaN,NaN,NaN,NaN,NaN,NaN
,0.0,0.0,0,0,0.0,0.0,,,21:32:00,,,NaN,NaN,NaN,NaN,NaN,NaN,NaN
,0.0,0.0,0,0,0.0,0.0,,,21:34:00,,,NaN,NaN,NaN,NaN,NaN,NaN,NaN
,0.0,0.0,0,0,0.0,0.0,,,21:36:00,,,NaN,NaN,NaN,NaN,NaN,NaN,NaN
,0.0,0.0,0,0,0.0,0.0,,,21:38:00,,,NaN,NaN,NaN,NaN,NaN,NaN,NaN
,0.0,0.0,0,0,0.0,0.0,,,21:40:00,,,NaN,NaN,NaN,NaN,NaN,NaN,NaN
,0.0,0.0,0,0,0.0,0.0,,,21:42:00,,,NaN,NaN,NaN,NaN,NaN,NaN,NaN
,0.0,0.0,0,0,0.0,0.0,,,21:44:00,,,NaN,NaN,NaN,NaN,NaN,NaN,NaN
,0.0,0.0,0,0,0.0,0.0,,,21:46:00,,,NaN,NaN,NaN,NaN,NaN,NaN,NaN
,0.0,0.0,0,0,0.0,0.0,,,21:48:00,,,NaN,NaN,NaN,NaN,NaN,NaN,NaN
,0.0,0.0,0,0,0.0,0.0,,,21:50:00,,,NaN,NaN,NaN,NaN,NaN,NaN,NaN
,0.0,0.0,0,0,0.0,0.0,,,21:52:00,,,NaN,NaN,NaN,NaN,NaN,NaN,NaN
,0.0,0.0,0,0,0.0,0.0,,,21:54:00,,,NaN,NaN,NaN,NaN,NaN,NaN,NaN
,0.0,0.0,0,0,0.0,0.0,,,21:56:00,,,NaN,NaN,NaN,NaN,NaN,NaN,NaN
,0.0,0.0,0,0,0.0,0.0,,,21:58:00,,,NaN,NaN,NaN,NaN,NaN,NaN,NaN
,0.0,0.0,0,0,0.0,0.0,,,22:00:00,,,NaN,NaN,NaN,NaN,NaN,NaN,NaN
,0.0,0.0,0,0,0.0,0.0,,,22:02:00,,,NaN,NaN,NaN,NaN,NaN,NaN,NaN
,0.0,0.0,0,0,0.0,0.0,,,22:04:00,,,NaN,NaN,NaN,NaN,NaN,NaN,NaN
,0.0,0.0,0,0,0.0,0.0,,,22:06:00,,,NaN,NaN,NaN,NaN,NaN,NaN,NaN
,0.0,0.0,0,0,0.0,0.0,,,22:08:00,,,NaN,NaN,NaN,NaN,NaN,NaN,NaN
,0.0,0.0,0,0,0.0,0.0,,,22:10:00,,,NaN,NaN,NaN,NaN,NaN,NaN,NaN
,0.0,0.0,0,0,0.0,0.0,,,22:12:00,,,NaN,NaN,NaN,NaN,NaN,NaN,NaN
,0.0,0.0,0,0,0.0,0.0,,,22:14:00,,,NaN,NaN,NaN,NaN,NaN,NaN,NaN
,0.0,0.0,0,0,0.0,0.0,,,22:16:00,,,NaN,NaN,NaN,NaN,NaN,NaN,NaN
,0.0,0.0,0,0,0.0,0.0,,,22:18:00,,,NaN,NaN,NaN,NaN,NaN,NaN,NaN
,0.0,0.0,0,0,0.0,0.0,,,22:20:00,,,NaN,NaN,NaN,NaN,NaN,NaN,NaN
,0.0,0.0,0,0,0.0,0.0,,,22:22:00,,,NaN,NaN,NaN,NaN,NaN,NaN,NaN
,0.0,0.0,0,0,0.0,0.0,,,22:24:00,,,NaN,NaN,NaN,NaN,NaN,NaN,NaN
,0.0,0.0,0,0,0.0,0.0,,,22:26:00,,,NaN,NaN,NaN,NaN,NaN,NaN,NaN
,0.0,0.0,0,0,0.0,0.0,,,22:28:00,,,NaN,NaN,NaN,NaN,NaN,NaN,NaN
,0.0,0.0,0,0,0.0,0.0,,,22:30:00,,,NaN,NaN,NaN,NaN,NaN,NaN,NaN
,0.0,0.0,0,0,0.0,0.0,,,22:32:00,,,NaN,NaN,NaN,NaN,NaN,NaN,NaN
,0.0,0.0,0,0,0.0,0.0,,,22:34:00,,,NaN,NaN,NaN,NaN,NaN,NaN,NaN
,0.0,0.0,0,0,0.0,0.0,,,22:36:00,,,NaN,NaN,NaN,NaN,NaN,NaN,NaN
,0.0,0.0,0,0,0.0,0.0,,,22:38:00,,,NaN,NaN,NaN,NaN,NaN,NaN,NaN
,0.0,0.0,0,0,0.0,0.0,,,22:40:00,,,NaN,NaN,NaN,NaN,NaN,NaN,NaN
,0.0,0.0,0,0,0.0,0.0,,,22:42:00,,,NaN,NaN,NaN,NaN,NaN,NaN,NaN
,0.0,0.0,0,0,0.0,0.0,,,22:44:00,,,NaN,NaN,NaN,NaN,NaN,NaN,NaN
,0.0,0.0,0,0,0.0,0.0,,,22:46:00,,,NaN,NaN,NaN,NaN,NaN,NaN,NaN
,0.0,0.0,0,0,0.0,0.0,,,22:48:00,,,NaN,NaN,NaN,NaN,NaN,NaN,NaN
,0.0,0.0,0,0,0.0,0.0,,,22:50:00,,,NaN,NaN,NaN,NaN,NaN,NaN,NaN
,0.0,0.0,0,0,0.0,0.0,,,22:52:00,,,NaN,NaN,NaN,NaN,NaN,NaN,NaN
,0.0,0.0,0,0,0.0,0.0,,,22:54:00,,,NaN,NaN,NaN,NaN,NaN,NaN,NaN
,0.0,0.0,0,0,0.0,0.0,,,22:56:00,,,NaN,NaN,NaN,NaN,NaN,NaN,NaN
,0.0,0.0,0,0,0.0,0.0,,,22:58:00,,,NaN,NaN,NaN,NaN,NaN,NaN,NaN
,0.0,0.0,0,0,0.0,0.0,,,23:00:00,,,NaN,NaN,NaN,NaN,NaN,NaN,NaN
,0.0,0.0,0,0,0.0,0.0,,,23:02:00,,,NaN,NaN,NaN,NaN,NaN,NaN,NaN
,0.0,0.0,0,0,0.0,0.0,,,23:04:00,,,NaN,NaN,NaN,NaN,NaN,NaN,NaN
,0.0,0.0,0,0,0.0,0.0,,,23:06:00,,,NaN,NaN,NaN,NaN,NaN,NaN,NaN
,0.0,0.0,0,0,0.0,0.0,,,23:08:00,,,NaN,NaN,NaN,NaN,NaN,NaN,NaN
,0.0,0.0,0,0,0.0,0.0,,,23:10:00,,,NaN,NaN,NaN,NaN,NaN,NaN,NaN
,0.0,0.0,0,0,0.0,0.0,,,23:12:00,,,NaN,NaN,NaN,NaN,NaN,NaN,NaN
,0.0,0.0,0,0,0.0,0.0,,,23:14:00,,,NaN,NaN,NaN,NaN,NaN,NaN,NaN
,0.0,0.0,0,0,0.0,0.0,,,23:16:00,,,NaN,NaN,NaN,NaN,NaN,NaN,NaN
,0.0,0.0,0,0,0.0,0.0,,,23:18:00,,,NaN,NaN,NaN,NaN,NaN,NaN,NaN
,0.0,0.0,0,0,0.0,0.0,,,23:20:00,,,NaN,NaN,NaN,NaN,NaN,NaN,NaN
,0.0,0.0,0,0,0.0,0.0,,,23:22:00,,,NaN,NaN,NaN,NaN,NaN,NaN,NaN
,0.0,0.0,0,0,0.0,0.0,,,23:24:00,,,NaN,NaN,NaN,NaN,NaN,NaN,NaN
,0.0,0.0,0,0,0.0,0.0,,,23:26:00,,,NaN,NaN,NaN,NaN,NaN,NaN,NaN
,0.0,0.0,0,0,0.0,0.0,,,23:28:00,,,NaN,NaN,NaN,NaN,NaN,NaN,NaN
,0.0,0.0,0,0,0.0,0.0,,,23:30:00,,,NaN,NaN,NaN,NaN,NaN,NaN,NaN
,0.0,0.0,0,0,0.0,0.0,,,23:32:00,,,NaN,NaN,NaN,NaN,NaN,NaN,NaN
,0.0,0.0,0,0,0.0,0.0,,,23:34:00,,,NaN,NaN,NaN,NaN,NaN,NaN,NaN
,0.0,0.0,0,0,0.0,0.0,,,23:36:00,,,NaN,NaN,NaN,NaN,NaN,NaN,NaN
,0.0,0.0,0,0,0.0,0.0,,,23:38:00,,,NaN,NaN,NaN,NaN,NaN,NaN,NaN
,0.0,0.0,0,0,0.0,0.0,,,23:40:00,,,NaN,NaN,NaN,NaN,NaN,NaN,NaN
,0.0,0.0,0,0,0.0,0.0,,,23:42:00,,,NaN,NaN,NaN,NaN,NaN,NaN,NaN
,0.0,0.0,0,0,0.0,0.0,,,23:44:00,,,NaN,NaN,NaN,NaN,NaN,NaN,NaN
,0.0,0.0,0,0,0.0,0.0,,,23:46:00,,,NaN,NaN,NaN,NaN,NaN,NaN,NaN
,0.0,0.0,0,0,0.0,0.0,,,23:48:00,,,NaN,NaN,NaN,NaN,NaN,NaN,NaN
,0.0,0.0,0,0,0.0,0.0,,,23:50:00,,,NaN,NaN,NaN,NaN,NaN,NaN,NaN
,0.0,0.0,0,0,0.0,0.0,,,23:52:00,,,NaN,NaN,NaN,NaN,NaN,NaN,NaN
,0.0,0.0,0,0,0.0,0.0,,,23:54:00,,,NaN,NaN,NaN,NaN,NaN,NaN,NaN
,0.0,0.0,0,0,0.0,0.0,,,23:56:00,,,NaN,NaN,NaN,NaN,NaN,NaN,NaN
,0.0,0.0,0,0,0.0,0.0,,,23:58:00,,,NaN,NaN,NaN,NaN,NaN,NaN,NaN
