0,1,2,3,4,5,6,7,8,9,10,11,12,13,14,15,16,17,18,19,20,21,22,23,24,25,26
0,0,0,0,0,0,0,0,0,0,0,0,0,0,0,0,0,0,0,0,0,0,0,0,0,0,0
0,0,0,0,0,0,0,0,0,0,0,0,0,0,0,0,0,0,0,0,0,0,0,0,0,0,0
0,0,0,0,0,0,0,0,0,0,0,0,0,0,0,0,0,0,0,0,0,0,0,0,0,0,0
0,0,0,0,0,0,0,0,0,0,0,0,0,0,0,0,0,0,0,0,0,0,0,0,0,0,0
0,0,0,0,0,0,0,0,0,0,0,0,0,0,0,0,0,0,0,0,0,0,0,0,0,0,0
0,0,0,0,0,0,0,0,0,0,0,0,0,0,0,0,0,0,0,0,0,0,0,0,0,0,0
0,0,0,0,0,0,0,0,0,0,0,0,0,0,0,0,0,0,0,0,0,0,0,0,0,0,0
0,0,0,0,0,0,0,0,0,0,0,0,0,0,0,0,0,0,0,0,0,0,0,0,0,0,0
0,0,0,0,0,0,0,0,0,0,0,0,0,0,0,0,0,0,0,0,0,0,0,0,0,0,0
0,0,0,0,0,0,0,0,0,0,0,0,0,0,0,0,0,0,0,0,0,0,0,0,0,0,0
0,0,0,0,0,0,0,0,0,0,0,0,0,0,0,0,0,0,0,0,0,0,0,0,0,0,0
0,0,0,0,0,0,0,0,0,0,0,0,0,0,0,0,0,0,0,0,0,0,0,0,0,0,0
0,0,0,0,0,0,0,0,0,0,0,0,0,0,0,0,0,0,0,0,0,0,0,0,0,0,0
0,0,0,0,0,0,0,0,0,0,0,0,0,0,0,0,0,0,0,0,0,0,0,0,0,0,0
0,0,0,0,0,0,0,0,0,0,0,0,0,0,0,0,0,0,0,0,0,0,0,0,0,0,0
0,0,0,0,0,0,0,0,0,0,0,0,0,0,0,0,0,0,0,0,0,0,0,0,0,0,0
0,0,0,0,0,0,0,0,0,0,0,0,0,0,0,0,0,0,0,0,0,0,0,0,0,0,0
0,0,0,0,0,0,0,0,0,0,0,0,0,0,0,0,0,0,0,0,0,0,0,0,0,0,0
0,0,0,0,0,0,0,0,0,0,0,0,0,0,0,0,0,0,0,0,0,0,0,0,0,0,0
0,0,0,0,0,0,0,0,0,0,0,0,0,0,0,0,0,0,0,0,0,0,0,0,0,0,0
0,0,0,0,0,0,0,0,0,0,0,0,0,0,0,0,0,0,0,0,0,0,0,0,0,0,0
0,0,0,0,0,0,0,0,0,0,0,0,0,0,0,0,0,0,0,0,0,0,0,0,0,0,0
0,0,0,0,0,0,0,0,0,0,0,0,0,0,0,0,0,0,0,0,0,0,0,0,0,0,0
0,0,0,0,0,0,0,0,0,0,0,0,0,0,0,0,0,0,0,0,0,0,0,0,0,0,0
0,0,0,0,0,0,0,0,0,0,0,0,0,0,0,0,0,0,0,0,0,0,0,0,0,0,0
21,0,0,0,0,0,0,0,0,0,0,0,0,0,0,0,0,0,0,0,0,0,0,0,0,0,0
0,0,0,0,0,0,0,0,0,0,0,0,0,0,0,0,0,0,0,0,0,0,0,0,0,0,0
33,0,0,0,0,0,0,0,0,0,0,0,0,0,0,0,0,0,0,0,0,0,0,0,0,0,0
66,0,0,0,0,0,0,0,0,0,0,0,0,0,0,0,0,0,0,0,0,0,0,0,0,0,0
75,25,0,0,0,0,0,0,0,0,0,0,0,0,0,0,0,0,0,0,0,0,0,0,0,0,0
78,0,0,0,0,0,0,0,0,0,0,0,0,0,0,0,0,0,0,0,0,0,0,0,0,0,0
60,0,0,0,0,0,0,0,0,0,0,0,0,0,0,0,0,0,0,0,0,0,0,0,0,0,0
45,0,0,0,0,0,0,0,0,0,0,0,0,0,0,0,0,0,0,0,0,0,0,0,0,0,0
30,29,0,0,0,0,0,0,0,0,0,0,0,0,0,0,0,0,0,0,0,0,0,0,0,0,0
25,28,0,0,0,0,0,0,0,0,0,0,0,0,0,0,0,0,0,0,0,0,0,0,0,0,0
43,0,20,0,0,0,0,0,0,0,0,0,0,0,0,0,0,0,0,0,0,0,0,0,0,0,0
102,22,0,0,0,0,0,0,0,0,0,0,0,0,0,0,0,0,0,0,0,0,0,0,0,0,0
123,0,26,0,0,0,0,0,0,0,0,0,0,0,0,0,0,0,0,0,0,0,0,0,0,0,0
177,0,28,0,0,0,0,0,0,0,0,0,0,0,0,0,0,0,0,0,0,0,0,0,0,0,0
154,0,27,0,0,0,0,0,0,0,0,0,0,0,0,0,0,0,0,0,0,0,0,0,0,0,0
146,28,0,0,0,0,0,0,0,0,0,0,0,0,0,0,0,0,0,0,0,0,0,0,0,0,0
134,22,0,24,0,0,0,0,0,0,0,0,0,0,0,0,0,0,0,0,0,0,0,0,0,0,0
65,31,0,40,0,0,0,0,0,0,0,0,0,0,0,0,0,0,0,0,0,0,0,0,0,0,0
47,33,0,27,0,0,0,0,0,0,0,0,0,0,0,0,0,0,0,0,0,0,0,0,0,0,0
66,58,0,0,0,0,0,0,0,0,0,0,0,0,0,0,0,0,0,0,0,0,0,0,0,0,0
35,51,0,0,0,0,0,0,0,0,0,0,0,0,0,0,0,0,0,0,0,0,0,0,0,0,0
30,70,0,0,0,0,0,0,0,0,0,0,0,0,0,0,0,0,0,0,0,0,0,0,0,0,0
52,35,0,26,0,0,0,0,0,0,0,0,0,0,0,0,0,0,0,0,0,0,0,0,0,0,0
63,41,0,26,0,0,0,0,0,0,0,0,0,0,0,0,0,0,0,0,0,0,0,0,0,0,0
67,45,0,26,0,0,0,0,0,0,0,0,0,0,0,0,0,0,0,0,0,0,0,0,0,0,0
129,54,0,129,0,0,0,0,0,0,0,0,0,0,0,0,0,0,0,0,0,0,0,0,0,0,0
93,38,0,93,0,0,0,0,0,0,0,0,0,0,0,0,0,0,0,0,0,0,0,0,0,0,0
130,46,0,130,47,0,0,0,0,0,0,0,0,0,0,0,0,0,0,0,0,0,0,0,0,0,0
182,38,0,182,43,0,0,0,0,0,0,0,0,0,0,0,0,0,0,0,0,0,0,0,0,0,0
158,50,0,158,53,0,0,0,0,0,0,0,0,0,0,0,0,0,0,0,0,0,0,0,0,0,0
202,51,0,202,45,0,0,0,0,0,0,0,0,0,0,0,0,0,0,0,0,0,0,0,0,0,0
213,49,32,213,59,0,0,0,0,0,0,0,0,0,0,0,0,0,0,0,0,0,0,0,0,0,0
266,52,0,266,47,0,0,0,0,0,0,0,0,0,0,0,0,0,0,0,0,0,0,0,0,0,0
281,62,0,281,23,0,0,0,0,0,0,0,0,0,0,0,0,0,0,0,0,0,0,0,0,0,0
237,55,0,237,23,0,0,0,0,0,0,0,0,0,0,0,0,0,0,0,0,0,0,0,0,0,0
278,82,0,278,26,0,0,0,0,0,0,0,0,0,0,0,0,0,0,0,0,0,0,0,0,0,0
139,116,49,139,51,0,0,0,0,0,0,0,0,0,0,0,0,0,0,0,0,0,0,0,0,0,0
170,158,25,170,44,0,0,0,0,0,0,0,0,0,0,0,0,0,0,0,0,0,0,0,0,0,0
133,132,41,133,32,0,0,0,0,0,0,0,0,0,0,0,0,0,0,0,0,0,0,0,0,0,0
107,94,43,107,50,0,0,0,0,0,0,0,0,0,0,0,0,0,0,0,0,0,0,0,0,0,0
104,93,57,104,76,0,0,0,0,0,0,0,0,0,0,0,0,0,0,0,0,0,0,0,0,0,0
135,77,32,135,57,0,0,0,0,0,0,0,0,0,0,0,0,0,0,0,0,0,0,0,0,0,0
146,96,52,146,42,36,0,0,0,0,0,0,0,0,0,0,0,0,0,0,0,0,0,0,0,0,0
196,62,45,196,52,75,0,0,0,0,0,0,0,0,0,0,0,0,0,0,0,0,0,0,0,0,0
157,45,32,157,43,68,0,0,0,0,0,0,0,0,0,0,0,0,0,0,0,0,0,0,0,0,0
156,43,25,156,24,62,0,0,0,0,0,0,0,0,0,0,0,0,0,0,0,0,0,0,0,0,0
208,62,37,208,38,57,0,0,0,0,0,0,0,0,0,0,0,0,0,0,0,0,0,0,0,0,0
136,31,24,136,50,49,0,0,0,0,0,0,0,0,0,0,0,0,0,0,0,0,0,0,0,0,0
144,64,0,144,37,27,0,0,0,0,0,0,0,0,0,0,0,0,0,0,0,0,0,0,0,0,0
148,40,28,148,43,32,0,0,0,0,0,0,0,0,0,0,0,0,0,0,0,0,0,0,0,0,0
136,61,27,136,23,22,0,0,0,0,0,0,0,0,0,0,0,0,0,0,0,0,0,0,0,0,0
154,67,0,154,47,21,0,0,0,0,0,0,0,0,0,0,0,0,0,0,0,0,0,0,0,0,0
151,67,0,151,43,48,0,0,0,0,0,0,0,0,0,0,0,0,0,0,0,0,0,0,0,0,0
186,67,0,186,39,36,0,0,0,0,0,0,0,0,0,0,0,0,0,0,0,0,0,0,0,0,0
159,86,0,159,36,31,0,0,0,0,0,0,0,0,0,0,0,0,0,0,0,0,0,0,0,0,0
161,75,0,161,73,21,0,0,0,0,0,0,0,0,0,0,0,0,0,0,0,0,0,0,0,0,0
102,108,0,102,55,0,0,0,0,0,0,0,0,0,0,0,0,0,0,0,0,0,0,0,0,0,0
116,79,0,116,54,0,0,0,0,0,0,0,0,0,0,0,0,0,0,0,0,0,0,0,0,0,0
113,57,0,113,47,0,0,0,0,0,0,0,0,0,0,0,0,0,0,0,0,0,0,0,0,0,0
102,55,0,102,58,0,0,0,0,0,0,0,0,0,0,0,0,0,0,0,0,0,0,0,0,0,0
80,30,0,80,55,0,0,0,0,0,0,0,0,0,0,0,0,0,0,0,0,0,0,0,0,0,0
127,66,0,127,55,0,0,0,0,0,0,0,0,0,0,0,0,0,0,0,0,0,0,0,0,0,0
133,49,0,133,75,0,0,0,0,0,0,0,0,0,0,0,0,0,0,0,0,0,0,0,0,0,0
115,35,0,115,45,0,0,0,0,0,0,0,0,0,0,0,0,0,0,0,0,0,0,0,0,0,0
68,51,0,68,57,0,0,0,0,0,0,0,0,0,0,0,0,0,0,0,0,0,0,0,0,0,0
72,69,0,72,73,0,0,0,0,0,0,0,0,0,0,0,0,0,0,0,0,0,0,0,0,0,0
78,75,0,78,68,78,0,0,0,0,0,0,0,0,0,0,0,0,0,0,0,0,0,0,0,0,0
113,56,0,113,76,113,0,0,0,0,0,0,0,0,0,0,0,0,0,0,0,0,0,0,0,0,0
102,58,0,102,67,102,0,0,0,0,0,0,0,0,0,0,0,0,0,0,0,0,0,0,0,0,0
72,54,0,72,65,72,0,0,0,0,0,0,0,0,0,0,0,0,0,0,0,0,0,0,0,0,0
66,65,0,66,76,66,0,0,0,0,0,0,0,0,0,0,0,0,0,0,0,0,0,0,0,0,0
52,85,0,52,69,52,0,0,0,0,0,0,0,0,0,0,0,0,0,0,0,0,0,0,0,0,0
50,77,0,50,80,50,0,0,0,0,0,0,0,0,0,0,0,0,0,0,0,0,0,0,0,0,0
56,60,0,56,59,56,0,0,0,0,0,0,0,0,0,0,0,0,0,0,0,0,0,0,0,0,0
58,61,0,58,43,58,0,0,0,0,0,0,0,0,0,0,0,0,0,0,0,0,0,0,0,0,0
108,66,0,108,41,108,0,0,0,0,0,0,0,0,0,0,0,0,0,0,0,0,0,0,0,0,0
120,64,0,120,54,120,0,0,0,0,0,0,0,0,0,0,0,0,0,0,0,0,0,0,0,0,0
75,39,0,75,42,75,0,0,0,0,0,0,0,0,0,0,0,0,0,0,0,0,0,0,0,0,0
82,50,0,82,97,82,0,0,0,0,0,0,0,0,0,0,0,0,0,0,0,0,0,0,0,0,0
89,53,0,89,116,89,28,0,0,0,0,0,0,0,0,0,0,0,0,0,0,0,0,0,0,0,0
70,47,0,70,80,70,0,0,0,0,0,0,0,0,0,0,0,0,0,0,0,0,0,0,0,0,0
115,56,0,115,57,115,0,0,0,0,0,0,0,0,0,0,0,0,0,0,0,0,0,0,0,0,0
87,47,0,87,92,87,0,0,0,0,0,0,0,0,0,0,0,0,0,0,0,0,0,0,0,0,0
128,36,0,128,114,128,0,0,0,0,0,0,0,0,0,0,0,0,0,0,0,0,0,0,0,0,0
119,21,0,119,122,119,0,0,0,0,0,0,0,0,0,0,0,0,0,0,0,0,0,0,0,0,0
83,262,0,83,103,83,0,0,0,0,0,0,0,0,0,0,0,0,0,0,0,0,0,0,0,0,0
115,255,0,115,93,115,0,0,0,0,0,0,0,0,0,0,0,0,0,0,0,0,0,0,0,0,0
108,290,0,108,79,108,0,0,0,0,0,0,0,0,0,0,0,0,0,0,0,0,0,0,0,0,0
81,313,0,81,86,81,0,0,0,0,0,0,0,0,0,0,0,0,0,0,0,0,0,0,0,0,0
86,353,0,86,69,86,0,0,0,0,0,0,0,0,0,0,0,0,0,0,0,0,0,0,0,0,0
67,376,0,67,67,67,0,0,0,0,0,0,0,0,0,0,0,0,0,0,0,0,0,0,0,0,0
82,303,0,82,132,82,0,0,0,0,0,0,0,0,0,0,0,0,0,0,0,0,0,0,0,0,0
158,313,0,158,134,158,26,0,0,0,0,0,0,0,0,0,0,0,0,0,0,0,0,0,0,0,0
155,252,0,155,136,155,0,0,0,0,0,0,0,0,0,0,0,0,0,0,0,0,0,0,0,0,0
223,253,0,223,75,223,0,0,0,0,0,0,0,0,0,0,0,0,0,0,0,0,0,0,0,0,0
313,185,0,313,70,313,0,0,0,0,0,0,0,0,0,0,0,0,0,0,0,0,0,0,0,0,0
281,153,0,281,55,281,0,0,0,0,0,0,0,0,0,0,0,0,0,0,0,0,0,0,0,0,0
262,120,0,262,36,262,0,0,0,0,0,0,0,0,0,0,0,0,0,0,0,0,0,0,0,0,0
308,96,0,308,35,308,0,0,0,0,0,0,0,0,0,0,0,0,0,0,0,0,0,0,0,0,0
269,79,0,269,35,269,0,0,0,0,0,0,0,0,0,0,0,0,0,0,0,0,0,0,0,0,0
332,89,0,332,32,332,0,0,0,0,0,0,0,0,0,0,0,0,0,0,0,0,0,0,0,0,0
375,116,0,375,41,375,0,0,0,0,0,0,0,0,0,0,0,0,0,0,0,0,0,0,0,0,0
325,159,0,325,38,325,0,0,0,0,0,0,0,0,0,0,0,0,0,0,0,0,0,0,0,0,0
305,148,0,305,60,305,0,0,0,0,0,0,0,0,0,0,0,0,0,0,0,0,0,0,0,0,0
393,169,0,393,57,393,0,0,0,0,0,0,0,0,0,0,0,0,0,0,0,0,0,0,0,0,0
391,218,0,391,391,391,0,26,0,0,0,0,0,0,0,0,0,0,0,0,0,0,0,0,0,0,0
381,253,0,381,381,381,0,0,0,0,0,0,0,0,0,0,0,0,0,0,0,0,0,0,0,0,0
471,293,0,471,471,471,0,29,0,0,0,0,0,0,0,0,0,0,0,0,0,0,0,0,0,0,0
379,371,0,379,379,379,0,23,0,0,0,0,0,0,0,0,0,0,0,0,0,0,0,0,0,0,0
440,432,0,440,440,440,0,32,25,27,0,0,0,0,0,0,0,0,0,0,0,0,0,0,0,0,0
495,512,0,495,495,495,0,48,31,31,0,0,0,0,0,0,0,0,0,0,0,0,0,0,0,0,0
411,476,0,411,411,411,0,30,30,30,0,0,0,0,0,0,0,0,0,0,0,0,0,0,0,0,0
347,401,0,347,347,347,0,41,57,57,0,0,0,0,0,0,0,0,0,0,0,0,0,0,0,0,0
498,387,0,498,498,498,0,50,0,0,0,0,0,0,0,0,0,0,0,0,0,0,0,0,0,0,0
481,346,0,481,481,481,0,65,20,20,0,0,0,0,0,0,0,0,0,0,0,0,0,0,0,0,0
580,275,0,580,580,580,0,53,37,37,0,0,0,0,0,0,0,0,0,0,0,0,0,0,0,0,0
656,325,0,656,656,656,0,44,0,0,0,0,0,0,0,0,0,0,0,0,0,0,0,0,0,0,0
776,376,0,776,776,776,0,26,50,50,0,0,0,0,0,0,0,0,0,0,0,0,0,0,0,0,0
870,274,0,870,870,870,0,38,0,0,0,0,0,0,0,0,0,0,0,0,0,0,0,0,0,0,0
690,314,0,690,690,690,0,0,21,21,0,0,0,0,0,0,0,0,0,0,0,0,0,0,0,0,0
769,344,0,769,769,769,0,36,769,769,0,0,0,0,0,0,0,0,0,0,0,0,0,0,0,0,0
656,288,0,656,656,656,0,0,656,656,0,0,0,0,0,0,0,0,0,0,0,0,0,0,0,0,0
673,383,0,673,673,673,0,23,673,673,0,0,0,0,0,0,0,0,0,0,0,0,0,0,0,0,0
828,438,0,828,828,828,0,0,828,828,0,0,0,0,0,0,0,0,0,0,0,0,0,0,0,0,0
791,446,0,791,791,791,21,0,791,791,0,0,0,0,0,0,0,0,0,0,0,0,0,0,0,0,0
903,408,0,903,903,903,20,0,903,903,0,0,0,0,0,0,0,0,0,0,0,0,0,0,0,0,0
833,376,0,833,833,833,0,0,833,833,0,0,0,0,0,0,0,0,0,0,0,0,0,0,0,0,0
747,352,0,747,747,747,0,0,747,747,0,0,0,0,0,0,0,0,0,0,0,0,0,0,0,0,0
688,298,0,688,688,688,0,0,688,688,0,0,0,0,0,0,0,0,0,0,0,0,0,0,0,0,0
693,251,0,693,693,693,0,0,693,693,0,0,0,0,0,0,0,0,0,0,0,0,0,0,0,0,0
661,239,0,661,661,661,0,0,661,661,0,0,0,0,0,0,0,0,0,0,0,0,0,0,0,0,0
513,242,0,513,513,513,20,0,513,513,0,0,0,0,0,0,0,0,0,0,0,0,0,0,0,0,0
439,206,0,439,439,439,21,0,439,439,0,0,0,0,0,0,0,0,0,0,0,0,0,0,0,0,0
456,257,0,456,456,456,0,0,456,456,0,0,0,0,0,0,0,0,0,0,0,0,0,0,0,0,0
417,237,0,417,417,417,0,0,417,417,24,0,0,0,0,0,0,0,0,0,0,0,0,0,0,0,0
402,238,0,402,402,402,20,0,402,402,41,0,0,0,0,0,0,0,0,0,0,0,0,0,0,0,0
358,237,0,358,358,358,0,0,358,358,24,0,0,0,0,0,0,0,0,0,0,0,0,0,0,0,0
421,184,0,421,421,421,0,0,421,421,29,0,0,0,0,0,0,0,0,0,0,0,0,0,0,0,0
397,171,0,397,397,397,35,0,397,397,0,0,0,0,0,0,0,0,0,0,0,0,0,0,0,0,0
385,137,0,385,385,385,20,0,385,385,0,0,0,0,0,0,0,0,0,0,0,0,0,0,0,0,0
296,127,0,296,296,296,30,0,296,296,0,24,0,0,0,0,0,0,0,0,0,0,0,0,0,0,0
356,99,0,356,356,356,24,0,356,356,0,23,0,0,0,0,0,0,0,0,0,0,0,0,0,0,0
311,94,0,311,311,311,0,0,311,311,0,31,0,0,0,0,0,0,0,0,0,0,0,0,0,0,0
296,102,0,296,296,296,0,0,296,296,0,33,0,0,0,0,0,0,0,0,0,0,0,0,0,0,0
289,110,0,289,289,289,22,0,289,289,0,52,0,0,0,0,0,0,0,0,0,0,0,0,0,0,0
294,113,0,294,294,294,0,0,294,294,0,47,0,0,0,0,0,0,0,0,0,0,0,0,0,0,0
243,147,0,243,243,243,0,0,243,243,0,65,0,0,0,0,0,0,0,0,0,0,0,0,0,0,0
282,142,0,282,282,282,0,0,282,282,0,105,0,0,0,0,0,0,0,0,0,0,0,0,0,0,0
270,182,29,270,270,270,0,0,270,270,0,130,0,0,0,0,0,0,0,0,0,0,0,0,0,0,0
279,157,21,279,279,279,0,0,279,279,0,125,0,0,0,0,0,0,0,0,0,0,0,0,0,0,0
247,144,28,247,247,247,0,0,247,247,0,142,0,0,0,0,0,0,0,0,0,0,0,0,0,0,0
250,154,25,250,250,250,0,0,250,250,0,176,0,0,0,0,0,0,0,0,0,0,0,0,0,0,0
195,118,151,195,195,195,0,0,195,195,0,151,0,0,0,0,0,0,0,0,0,0,0,0,0,0,0
291,71,217,291,291,291,0,0,291,291,0,217,0,0,0,0,0,0,0,0,0,0,0,0,0,0,0
256,87,238,256,256,256,0,0,256,256,0,238,21,0,0,0,0,0,0,0,0,0,0,0,0,0,0
213,60,301,213,213,213,0,0,213,213,0,301,20,0,0,0,0,0,0,0,0,0,0,0,0,0,0
190,47,312,190,190,190,0,0,190,190,0,312,0,0,0,0,0,0,0,0,0,0,0,0,0,0,0
209,36,582,209,209,209,0,0,209,209,0,582,0,0,0,0,0,0,0,0,0,0,0,0,0,0,0
229,27,557,229,229,229,0,0,229,229,0,557,32,0,0,0,0,0,0,0,0,0,0,0,0,0,0
180,0,424,180,180,180,0,0,180,180,0,424,40,0,0,0,0,0,0,0,0,0,0,0,0,0,0
134,0,561,134,134,134,0,0,134,134,0,561,21,0,0,0,0,0,0,0,0,0,0,0,0,0,0
109,0,450,109,109,109,0,27,109,109,0,450,40,0,0,0,0,0,0,0,0,0,0,0,0,0,0
126,0,505,126,126,126,0,24,126,126,0,505,43,0,0,0,0,0,0,0,0,0,0,0,0,0,0
137,0,536,137,137,137,0,0,137,137,0,536,98,0,0,0,0,0,0,0,0,0,0,0,0,0,0
114,0,491,114,114,114,0,0,114,114,0,491,100,0,0,0,0,0,0,0,0,0,0,0,0,0,0
132,0,528,132,132,132,0,0,132,132,0,528,80,0,0,0,0,0,0,0,0,0,0,0,0,0,0
92,0,498,92,92,92,0,0,92,92,0,498,43,0,0,0,0,0,0,0,0,0,0,0,0,0,0
97,0,447,97,97,97,0,0,97,97,0,447,78,0,0,0,0,0,0,0,0,0,0,0,0,0,0
106,0,511,106,106,106,0,0,106,106,0,511,68,0,0,0,0,0,0,0,0,0,0,0,0,0,0
84,0,508,84,84,84,0,50,84,84,0,508,70,0,0,0,0,0,0,0,0,0,0,0,0,0,0
95,0,436,95,95,95,0,68,95,95,0,436,73,0,0,0,0,0,0,0,0,0,0,0,0,0,0
388,0,388,388,388,388,0,52,388,388,0,388,115,0,0,0,0,0,0,0,0,0,0,0,0,0,0
262,0,262,262,262,262,0,58,262,262,0,262,82,75,0,0,0,0,0,0,0,0,0,0,0,0,0
314,0,314,314,314,314,0,70,314,314,0,314,64,75,0,0,0,0,0,0,0,0,0,0,0,0,0
378,0,378,378,378,378,0,106,378,378,0,378,72,36,0,0,0,0,0,0,0,0,0,0,0,0,0
297,0,297,297,297,297,0,86,297,297,0,297,79,63,0,0,0,0,0,0,0,0,0,0,0,0,0
281,0,281,281,281,281,0,97,281,281,0,281,83,77,0,0,0,0,0,0,0,0,0,0,0,0,0
347,0,347,347,347,347,0,104,347,347,0,347,67,104,0,0,0,0,0,0,0,0,0,0,0,0,0
354,0,354,354,354,354,0,80,354,354,0,354,85,81,0,0,0,0,0,0,0,0,0,0,0,0,0
345,0,345,345,345,345,0,68,345,345,0,345,68,139,0,0,0,0,0,0,0,0,0,0,0,0,0
375,0,375,375,375,375,0,176,375,375,0,375,45,31,0,0,0,0,0,0,0,0,0,0,0,0,0
318,0,318,318,318,318,0,74,318,318,0,318,100,103,0,0,0,0,0,0,0,0,0,0,0,0,0
412,0,412,412,412,412,0,116,412,412,0,412,166,100,0,0,0,0,0,0,0,0,0,0,0,0,0
420,0,420,420,420,420,0,57,420,420,0,420,107,71,0,0,0,0,0,0,0,0,0,0,0,0,0
394,0,394,394,394,394,0,105,394,394,0,394,120,132,0,0,0,0,0,0,0,0,0,0,0,0,0
487,0,487,487,487,487,0,32,487,487,0,487,140,139,0,0,0,0,0,0,0,0,0,0,0,0,0
497,0,497,497,497,497,0,58,497,497,0,497,144,193,0,0,0,0,0,0,0,0,0,0,0,0,0
553,0,553,553,553,553,0,66,553,553,0,553,142,256,0,0,0,0,0,0,0,0,0,0,0,0,0
511,0,511,511,511,511,0,295,511,511,0,511,54,295,0,0,0,0,0,0,0,0,0,0,0,0,0
536,0,536,536,536,536,0,260,536,536,0,536,51,260,0,0,0,0,0,0,0,0,0,0,0,0,0
500,0,500,500,500,500,0,202,500,500,0,500,91,202,0,0,0,0,0,0,0,0,0,0,0,0,0
404,0,404,404,404,404,0,255,404,404,0,404,164,255,0,0,0,0,0,0,0,0,0,0,0,0,0
336,0,336,336,336,336,0,284,336,336,0,336,196,284,0,0,0,0,0,0,0,0,0,0,0,0,0
294,0,294,294,294,294,0,227,294,294,0,294,221,227,24,0,0,0,0,0,0,0,0,0,0,0,0
297,0,297,297,297,297,0,220,297,297,0,297,233,220,20,0,0,0,0,0,0,0,0,0,0,0,0
240,0,240,240,240,240,0,284,240,240,0,240,211,284,31,0,0,0,0,0,0,0,0,0,0,0,0
253,0,253,253,253,253,0,210,253,253,0,253,180,210,53,0,0,0,0,0,0,0,0,0,0,0,0
277,0,277,277,277,277,0,99,277,277,0,277,214,99,54,0,0,0,0,0,0,0,0,0,0,0,0
285,0,285,285,285,285,0,110,285,285,0,285,125,110,59,0,0,0,0,0,0,0,0,0,0,0,0
299,0,299,299,299,299,0,107,299,299,0,299,130,107,50,0,0,0,0,0,0,0,0,0,0,0,0
285,0,285,285,285,285,0,120,285,285,0,285,83,120,44,0,0,0,0,0,0,0,0,0,0,0,0
357,0,357,357,357,357,0,173,357,357,0,357,122,173,42,0,0,0,0,0,0,0,0,0,0,0,0
290,0,290,290,290,290,0,164,290,290,0,290,90,164,20,0,0,0,0,0,0,0,0,0,0,0,0
212,0,212,212,212,212,0,138,212,212,0,212,76,138,30,0,0,0,0,0,0,0,0,0,0,0,0
267,0,267,267,267,267,0,123,267,267,0,267,111,123,25,0,0,0,0,0,0,0,0,0,0,0,0
230,0,230,230,230,230,0,101,230,230,0,230,103,101,0,0,0,0,0,0,0,0,0,0,0,0,0
243,0,243,243,243,243,0,81,243,243,0,243,154,81,0,0,0,0,0,0,0,0,0,0,0,0,0
263,0,263,263,263,263,0,88,263,263,0,263,158,88,0,0,0,0,0,0,0,0,0,0,0,0,0
240,0,240,240,240,240,0,110,240,240,0,240,118,110,0,0,0,0,0,0,0,0,0,0,0,0,0
265,0,265,265,265,265,0,103,265,265,0,265,151,103,0,0,0,0,0,0,0,0,0,0,0,0,0
333,0,333,333,333,333,0,107,333,333,0,333,146,107,0,0,0,0,0,0,0,0,0,0,0,0,0
325,0,325,325,325,325,0,79,325,325,0,325,149,79,0,0,0,0,0,0,0,0,0,0,0,0,0
330,0,330,330,330,330,0,89,330,330,0,330,136,89,40,0,0,0,0,0,0,0,0,0,0,0,0
295,0,295,295,295,295,0,59,295,295,0,295,188,59,30,0,0,0,0,0,0,0,0,0,0,0,0
349,0,349,349,349,349,0,73,349,349,0,349,232,73,47,0,0,0,0,0,0,0,0,0,0,0,0
390,0,390,390,390,390,0,66,390,390,0,390,219,66,0,0,0,0,0,0,0,0,0,0,0,0,0
414,0,414,414,414,414,0,70,414,414,0,414,235,70,0,0,0,0,0,0,0,0,0,0,0,0,0
394,0,394,394,394,394,0,80,394,394,0,394,291,80,30,0,0,0,0,0,0,0,0,0,0,0,0
410,0,410,410,410,410,0,38,410,410,0,410,230,38,0,0,0,0,0,0,0,0,0,0,0,0,0
388,0,388,388,388,388,0,26,388,388,0,388,219,26,0,0,0,0,0,0,0,0,0,0,0,0,0
378,0,378,378,378,378,0,77,378,378,0,378,155,77,0,0,0,0,0,0,0,0,0,0,0,0,0
364,0,364,364,364,364,0,59,364,364,0,364,114,59,0,0,0,0,0,0,0,0,0,0,0,0,0
395,0,395,395,395,395,0,22,395,395,0,395,133,22,0,0,0,0,0,0,0,0,0,0,0,0,0
379,0,379,379,379,379,0,39,379,379,0,379,145,39,27,0,0,0,0,0,0,0,0,0,0,0,0
440,0,440,440,440,440,0,20,440,440,0,440,133,20,37,0,0,0,0,0,0,0,0,0,0,0,0
474,0,474,474,474,474,0,15,474,474,0,474,138,15,45,0,0,0,0,0,0,0,0,0,0,0,0
423,0,423,423,423,423,0,26,423,423,0,423,108,26,30,0,0,0,0,0,0,0,0,0,0,0,0
408,0,408,408,408,408,0,23,408,408,0,408,105,23,43,0,0,0,0,0,0,0,0,0,0,0,0
444,0,444,444,444,444,0,32,444,444,0,444,113,32,43,0,0,0,0,0,0,0,0,0,0,0,0
438,0,438,438,438,438,0,101,438,438,0,438,88,101,31,0,0,0,0,0,0,0,0,0,0,0,0
514,0,514,514,514,514,0,97,514,514,0,514,60,97,32,0,0,0,0,0,0,0,0,0,0,0,0
511,0,511,511,511,511,0,83,511,511,0,511,104,83,38,0,0,0,0,0,0,0,0,0,0,0,0
444,0,444,444,444,444,0,109,444,444,0,444,91,109,24,0,0,0,0,0,0,0,0,0,0,0,0
405,0,405,405,405,405,0,100,405,405,0,405,95,100,33,0,0,0,0,0,0,0,0,0,0,0,0
382,0,382,382,382,382,0,188,382,382,0,382,119,188,45,0,0,0,0,0,0,0,0,0,0,0,0
330,0,330,330,330,330,0,177,330,330,0,330,97,177,33,0,0,0,0,0,0,0,0,0,0,0,0
288,0,288,288,288,288,0,228,288,288,0,288,159,228,21,0,0,0,0,0,0,0,0,0,0,0,0
265,0,265,265,265,265,0,263,265,265,0,265,142,263,26,0,0,0,0,0,0,0,0,0,0,0,0
245,0,245,245,245,245,0,310,245,245,0,245,104,310,35,0,0,0,0,0,0,0,0,0,0,0,0
178,0,178,178,178,178,0,304,178,178,0,178,120,304,21,0,0,0,0,0,0,0,0,0,0,0,0
171,0,171,171,171,171,0,428,171,171,0,171,149,428,428,0,0,0,0,0,0,0,0,0,0,0,0
249,0,249,249,249,249,0,373,249,249,0,249,122,373,373,45,0,0,0,0,0,0,0,0,0,0,0
106,0,106,106,106,106,0,352,106,106,0,106,144,352,352,0,0,0,0,0,0,0,0,0,0,0,0
144,0,144,144,144,144,0,404,144,144,0,144,127,404,404,0,0,0,0,0,0,0,0,0,0,0,0
133,0,133,133,133,133,0,489,133,133,0,133,112,489,489,26,0,0,0,0,0,0,0,0,0,0,0
125,0,125,125,125,125,0,562,125,125,0,125,77,562,562,0,0,0,0,0,0,0,0,0,0,0,0
102,0,102,102,102,102,0,600,102,102,0,102,52,600,600,24,0,0,0,0,0,0,0,0,0,0,0
95,20,95,95,95,95,0,617,95,95,0,95,52,617,617,20,0,0,0,0,0,0,0,0,0,0,0
87,26,87,87,87,87,0,576,87,87,0,87,51,576,576,26,0,0,0,0,0,0,0,0,0,0,0
169,566,169,169,169,169,0,566,169,169,0,169,63,566,566,566,0,0,0,0,0,0,0,0,0,0,0
232,567,232,232,232,232,0,567,232,232,0,232,34,567,567,567,0,0,0,0,0,0,0,0,0,0,0
207,449,207,207,207,207,0,449,207,207,0,207,58,449,449,449,0,0,0,0,0,0,0,0,0,0,0
270,406,270,270,270,270,0,406,270,270,0,270,37,406,406,406,0,0,0,0,0,0,0,0,0,0,0
309,442,309,309,309,309,0,442,309,309,0,309,28,442,442,442,0,0,0,0,0,0,0,0,0,0,0
260,470,260,260,260,260,0,470,260,260,0,260,75,470,470,470,0,0,0,0,0,0,0,0,0,0,0
261,449,261,261,261,261,0,449,261,261,0,261,82,449,449,449,0,0,0,0,0,0,0,0,0,0,0
244,405,244,244,244,244,0,405,244,244,0,244,82,405,405,405,0,0,0,0,0,0,0,0,0,0,0
333,318,333,333,333,333,0,318,333,333,0,333,71,318,318,318,0,0,0,0,0,0,0,0,0,0,0
340,364,340,340,340,340,0,364,340,340,0,340,58,364,364,364,31,28,0,0,0,0,0,0,0,0,0
387,313,387,387,387,387,0,313,387,387,0,387,86,313,313,313,38,30,0,0,0,0,0,0,0,0,0
382,360,382,382,382,382,0,360,382,382,0,382,81,360,360,360,34,29,0,0,0,0,0,0,0,0,0
372,431,372,372,372,372,0,431,372,372,0,372,113,431,431,431,37,37,0,0,0,0,0,0,0,0,0
354,423,354,354,354,354,0,423,354,354,0,354,137,423,423,423,36,36,0,0,0,0,0,0,0,0,0
419,417,419,419,419,419,0,417,419,419,0,419,153,417,417,417,48,48,0,0,0,0,0,0,0,0,0
438,385,438,438,438,438,0,385,438,438,0,438,130,385,385,385,45,45,0,0,0,0,0,0,0,0,0
406,434,406,406,406,406,0,434,406,406,0,406,116,434,434,434,74,74,0,0,0,0,0,0,0,0,0
381,405,381,381,381,381,0,405,381,381,0,381,183,405,405,405,93,93,0,0,0,0,0,0,0,0,0
405,418,405,405,405,405,0,418,405,405,0,405,154,418,418,418,89,89,0,0,0,0,0,0,0,0,0
374,461,374,374,374,374,0,461,374,374,0,374,208,461,461,461,66,66,0,0,0,0,0,0,0,0,0
348,542,348,348,348,348,0,542,348,348,0,348,169,542,542,542,84,84,0,0,0,0,0,0,0,0,0
367,471,367,367,367,367,0,471,367,367,0,367,165,471,471,471,82,82,0,0,0,0,0,0,0,0,0
309,459,309,309,309,309,0,459,309,309,0,309,171,459,459,459,54,54,0,0,0,0,0,0,0,0,0
234,449,234,234,234,234,0,449,234,234,0,234,151,449,449,449,47,47,0,0,0,0,0,0,0,0,0
274,489,274,274,274,274,0,489,274,274,0,274,128,489,489,489,85,85,33,0,0,0,0,0,0,0,0
306,507,306,306,306,306,0,507,306,306,0,306,115,507,507,507,78,78,49,0,0,0,0,0,0,0,0
292,537,292,292,292,292,0,537,292,292,0,292,115,537,537,537,70,70,42,0,0,0,0,0,0,0,0
289,559,289,289,289,289,0,559,289,289,0,289,111,559,559,559,79,79,35,0,0,0,0,0,0,0,0
309,568,309,309,309,309,0,568,309,309,0,309,101,568,568,568,123,123,28,0,0,0,0,0,0,0,0
262,545,262,262,262,262,0,545,262,262,0,262,105,545,545,545,94,94,42,0,0,0,0,0,0,0,0
204,530,204,204,204,204,0,530,204,204,0,204,98,530,530,530,80,80,51,0,0,0,0,0,0,0,0
242,444,242,242,242,242,0,444,242,242,0,242,74,444,444,444,142,142,34,0,0,0,0,0,0,0,0
312,485,312,312,312,312,0,485,312,312,0,312,101,485,485,485,154,154,27,0,0,0,0,0,0,0,0
330,419,330,330,330,330,0,419,330,330,0,330,118,419,419,419,146,146,24,0,0,0,0,0,0,0,0
272,423,272,272,272,272,0,423,272,272,0,272,108,423,423,423,143,143,30,0,0,0,0,0,0,0,0
280,463,280,280,280,280,0,463,280,280,0,280,123,463,463,463,158,158,37,0,0,0,0,0,0,0,0
284,455,284,284,284,284,0,455,284,284,0,284,134,455,455,455,177,177,21,0,0,0,0,0,0,0,0
282,376,282,282,282,282,0,376,282,282,0,282,89,376,376,376,129,129,129,0,0,0,0,0,0,0,0
264,397,264,264,264,264,0,397,264,264,0,264,59,397,397,397,115,115,115,0,0,0,0,0,0,0,0
240,385,240,240,240,240,0,385,240,240,0,240,64,385,385,385,192,192,192,0,0,0,0,0,0,0,0
207,354,207,207,207,207,0,354,207,207,0,207,61,354,354,354,105,105,105,20,0,0,0,0,0,0,0
242,342,242,242,242,242,0,342,242,242,0,242,71,342,342,342,114,114,114,34,0,0,0,0,0,0,0
220,346,220,220,220,220,0,346,220,220,0,220,57,346,346,346,97,97,97,24,0,0,0,0,0,0,0
326,402,326,326,326,326,0,402,326,326,0,326,85,402,402,402,78,78,78,20,0,0,0,0,0,0,0
325,415,325,325,325,325,0,415,325,325,0,325,69,415,415,415,71,71,71,22,0,0,0,0,0,0,0
239,390,239,239,239,239,0,390,239,239,0,239,134,390,390,390,53,53,53,27,0,0,0,0,0,0,0
297,476,297,297,297,297,0,476,297,297,0,297,142,476,476,476,46,46,46,66,0,0,0,0,0,0,0
228,383,228,228,228,228,0,383,228,228,0,228,106,383,383,383,57,57,57,56,0,0,0,0,0,0,0
270,395,270,270,270,270,0,395,270,270,0,270,157,395,395,395,49,49,49,44,23,65,0,0,0,0,0
465,347,465,465,465,465,0,347,465,465,0,465,94,347,347,347,66,66,66,53,21,48,0,0,0,0,0
272,331,272,272,272,272,0,331,272,272,0,272,78,331,331,331,89,89,89,49,22,44,0,0,0,0,0
409,290,409,409,409,409,0,290,409,409,0,409,63,290,290,290,74,74,74,32,23,23,0,0,0,0,0
453,270,453,453,453,453,0,270,453,453,0,453,56,270,270,270,64,64,64,43,18,18,0,0,0,0,0
452,260,452,452,452,452,0,260,452,452,0,452,73,260,260,260,47,47,47,43,28,28,0,0,0,0,0
421,265,421,421,421,421,0,265,421,421,0,421,75,265,265,265,32,32,32,28,20,20,0,0,0,0,0
441,285,441,441,441,441,0,285,441,441,0,441,68,285,285,285,25,25,25,31,35,35,0,0,0,0,0
513,347,513,513,513,513,0,347,513,513,0,513,80,347,347,347,27,27,27,26,27,27,0,0,0,0,0
568,209,568,568,568,568,0,209,568,568,0,568,68,209,209,209,32,32,32,41,25,25,0,0,0,0,0
585,284,585,585,585,585,0,284,585,585,0,585,54,284,284,284,33,33,33,25,24,24,0,0,0,0,0
526,214,526,526,526,526,0,214,526,526,0,526,64,214,214,214,57,57,57,26,34,34,0,0,0,0,0
530,232,530,530,530,530,0,232,530,530,0,530,78,232,232,232,49,49,49,21,232,232,0,0,0,0,0
523,257,523,523,523,523,0,257,523,523,0,523,58,257,257,257,84,84,84,34,257,257,0,0,0,0,0
540,151,540,540,540,540,0,151,540,540,0,540,66,151,151,151,95,95,95,31,151,151,0,0,0,0,0
498,203,498,498,498,498,0,203,498,498,0,498,62,203,203,203,68,68,68,68,203,203,0,0,0,0,0
507,300,507,507,507,507,0,300,507,507,0,507,54,300,300,300,97,97,97,97,300,300,0,0,0,0,0
460,209,460,460,460,460,0,209,460,460,0,460,42,209,209,209,94,94,94,94,209,209,0,0,0,0,0
440,222,440,440,440,440,0,222,440,440,0,440,44,222,222,222,100,100,100,100,222,222,0,0,0,0,0
495,261,495,495,495,495,0,261,495,495,0,495,44,261,261,261,113,113,113,113,261,261,0,0,0,0,0
443,134,443,443,443,443,0,134,443,443,0,443,43,134,134,134,107,107,107,107,134,134,0,0,0,0,0
545,253,545,545,545,545,0,253,545,545,0,545,27,253,253,253,123,123,123,123,253,253,0,0,0,0,0
552,237,552,552,552,552,0,237,552,552,0,552,38,237,237,237,125,125,125,125,237,237,0,0,0,0,0
574,122,574,574,574,574,0,122,574,574,0,574,34,122,122,122,113,113,113,113,122,122,0,0,0,0,0
501,209,501,501,501,501,0,209,501,501,0,501,53,209,209,209,106,106,106,106,209,209,0,0,0,0,0
571,195,571,571,571,571,0,195,571,571,0,571,27,195,195,195,188,188,188,188,195,195,0,0,0,0,0
452,246,452,452,452,452,0,246,452,452,0,452,46,246,246,246,138,138,138,138,246,246,0,0,0,0,0
546,271,546,546,546,546,0,271,546,546,0,546,35,271,271,271,112,112,112,112,271,271,0,0,0,0,0
520,236,520,520,520,520,0,236,520,520,0,520,0,236,236,236,114,114,114,114,236,236,0,0,0,0,0
515,123,515,515,515,515,0,123,515,515,0,515,0,123,123,123,111,111,111,111,123,123,0,0,0,0,0
527,142,527,527,527,527,0,142,527,527,0,527,527,142,142,142,93,93,93,93,142,142,0,0,0,0,0
501,172,501,501,501,501,0,172,501,501,0,501,501,172,172,172,73,73,73,73,172,172,0,0,0,0,0
391,233,391,391,391,391,0,233,391,391,0,391,391,233,233,233,87,87,87,87,233,233,0,0,0,0,0
451,208,451,451,451,451,0,208,451,451,0,451,451,208,208,208,60,60,60,60,208,208,32,0,0,0,0
379,170,379,379,379,379,0,170,379,379,0,379,379,170,170,170,57,57,57,57,170,170,31,0,0,0,0
441,150,441,441,441,441,0,150,441,441,0,441,441,150,150,150,56,56,56,56,150,150,0,0,0,0,0
437,167,437,437,437,437,0,167,437,437,0,437,437,167,167,167,81,81,81,81,167,167,42,0,0,0,0
366,210,366,366,366,366,0,210,366,366,0,366,366,210,210,210,59,59,59,59,210,210,35,0,0,0,0
438,244,438,438,438,438,0,244,438,438,0,438,438,244,244,244,79,79,79,79,244,244,55,0,0,0,0
364,205,364,364,364,364,0,205,364,364,0,364,364,205,205,205,61,61,61,61,205,205,40,0,0,0,0
415,169,415,415,415,415,0,169,415,415,0,415,415,169,169,169,70,70,70,70,169,169,57,0,0,0,0
287,188,287,287,287,287,0,188,287,287,0,287,287,188,188,188,82,82,82,82,188,188,53,0,0,0,0
388,126,388,388,388,388,0,126,388,388,0,388,388,126,126,126,58,58,58,58,126,126,68,0,0,0,0
410,144,410,410,410,410,0,144,410,410,0,410,410,144,144,144,54,54,54,54,144,144,57,0,0,0,0
347,144,347,347,347,347,0,144,347,347,0,347,347,144,144,144,61,61,61,61,144,144,74,0,0,0,0
401,114,401,401,401,401,0,114,401,401,0,401,401,114,114,114,63,63,63,63,114,114,59,0,0,0,0
405,113,405,405,405,405,0,113,405,405,0,405,405,113,113,113,75,75,75,75,113,113,59,70,0,0,0
400,106,400,400,400,400,0,106,400,400,0,400,400,106,106,106,90,90,90,90,106,106,37,81,0,0,0
364,87,364,364,364,364,0,87,364,364,0,364,364,87,87,87,64,64,64,64,87,87,43,78,0,0,0
347,96,347,347,347,347,0,96,347,347,0,347,347,96,96,96,53,53,53,53,96,96,43,75,0,0,0
369,73,369,369,369,369,0,73,369,369,0,369,369,73,73,73,60,60,60,60,73,73,28,80,0,0,0
435,72,435,435,435,435,0,72,435,435,0,435,435,72,72,72,71,71,71,71,72,72,20,50,0,0,0
453,58,453,453,453,453,0,58,453,453,0,453,453,58,58,58,95,95,95,95,58,58,28,37,0,0,0
507,73,507,507,507,507,0,73,507,507,0,507,507,73,73,73,95,95,95,95,73,73,35,63,0,0,0
413,38,413,413,413,413,0,38,413,413,0,413,413,38,38,38,103,103,103,103,38,38,36,41,0,0,0
459,32,459,459,459,459,0,32,459,459,0,459,459,32,32,32,111,111,111,111,32,32,39,30,0,0,0
488,20,488,488,488,488,0,20,488,488,0,488,488,20,20,20,80,80,80,80,20,20,35,52,0,0,0
564,0,564,564,564,564,0,0,564,564,0,564,564,0,0,0,79,79,79,79,0,0,21,28,0,0,0
547,0,547,547,547,547,0,0,547,547,0,547,547,0,0,0,61,61,61,61,0,0,28,0,0,0,0
424,0,424,424,424,424,0,0,424,424,0,424,424,0,0,0,84,84,84,84,0,0,36,0,0,0,0
410,0,410,410,410,410,0,0,410,410,0,410,410,0,0,0,48,48,48,48,0,0,26,0,0,0,0
404,0,404,404,404,404,0,0,404,404,0,404,404,0,0,0,48,48,48,48,0,0,48,0,0,0,0
442,0,442,442,442,442,0,0,442,442,0,442,442,0,0,0,53,53,53,53,0,0,53,0,0,0,0
455,0,455,455,455,455,0,0,455,455,0,455,455,0,0,0,64,64,64,64,0,0,64,33,0,0,0
436,0,436,436,436,436,0,0,436,436,0,436,436,0,0,0,65,65,65,65,0,0,65,23,0,0,0
454,0,454,454,454,454,0,0,454,454,0,454,454,0,0,0,67,67,67,67,0,0,67,26,0,0,0
448,22,448,448,448,448,0,22,448,448,0,448,448,22,22,22,42,42,42,42,22,22,42,24,0,0,0
370,29,370,370,370,370,0,29,370,370,0,370,370,29,29,29,36,36,36,36,29,29,36,23,0,0,0
364,47,364,364,364,364,0,47,364,364,0,364,364,47,47,47,0,0,0,0,47,47,0,29,0,0,0
354,47,354,354,354,354,0,47,354,354,0,354,354,47,47,47,0,0,0,0,47,47,0,0,0,0,0
350,31,350,350,350,350,0,31,350,350,0,350,350,31,31,31,0,0,0,0,31,31,0,20,0,0,0
362,29,362,362,362,362,0,29,362,362,0,362,362,29,29,29,0,0,0,0,29,29,0,20,0,0,0
397,23,397,397,397,397,0,23,397,397,0,397,397,23,23,23,0,0,0,0,23,23,0,24,0,0,0
435,34,435,435,435,435,0,34,435,435,0,435,435,34,34,34,0,0,0,0,34,34,0,0,0,0,0
498,26,498,498,498,498,0,26,498,498,0,498,498,26,26,26,0,0,0,0,26,26,0,20,0,0,0
437,437,437,437,437,437,0,437,437,437,0,437,437,437,437,437,0,0,0,0,437,437,0,0,0,0,0
525,525,525,525,525,525,0,525,525,525,0,525,525,525,525,525,0,0,0,0,525,525,0,0,20,0,0
440,440,440,440,440,440,0,440,440,440,0,440,440,440,440,440,0,0,0,0,440,440,0,20,23,0,0
451,451,451,451,451,451,0,451,451,451,0,451,451,451,451,451,0,0,0,0,451,451,0,0,22,0,0
435,435,435,435,435,435,0,435,435,435,0,435,435,435,435,435,0,0,0,0,435,435,0,0,0,0,0
473,473,473,473,473,473,0,473,473,473,0,473,473,473,473,473,0,0,0,0,473,473,0,0,0,0,0
530,530,530,530,530,530,0,530,530,530,0,530,530,530,530,530,0,0,0,0,530,530,0,0,0,0,0
560,560,560,560,560,560,0,560,560,560,0,560,560,560,560,560,0,0,0,0,560,560,0,0,0,0,0
577,577,577,577,577,577,0,577,577,577,0,577,577,577,577,577,0,0,0,0,577,577,0,0,0,0,0
526,526,526,526,526,526,0,526,526,526,0,526,526,526,526,526,24,24,24,24,526,526,24,0,0,0,0
527,527,527,527,527,527,0,527,527,527,0,527,527,527,527,527,0,0,0,0,527,527,0,0,0,0,0
458,458,458,458,458,458,0,458,458,458,0,458,458,458,458,458,0,0,0,0,458,458,0,0,0,0,0
536,536,536,536,536,536,0,536,536,536,0,536,536,536,536,536,35,35,35,35,536,536,35,0,0,0,0
538,538,538,538,538,538,0,538,538,538,0,538,538,538,538,538,30,30,30,30,538,538,30,0,20,0,0
554,554,554,554,554,554,0,554,554,554,0,554,554,554,554,554,38,38,38,38,554,554,38,0,24,0,0
542,542,542,542,542,542,0,542,542,542,0,542,542,542,542,542,35,35,35,35,542,542,35,0,28,0,0
599,599,599,599,599,599,0,599,599,599,0,599,599,599,599,599,32,32,32,32,599,599,32,0,0,0,0
626,626,626,626,626,626,0,626,626,626,0,626,626,626,626,626,46,46,46,46,626,626,46,0,20,0,0
653,653,653,653,653,653,0,653,653,653,0,653,653,653,653,653,25,25,25,25,653,653,25,0,0,0,0
594,594,594,594,594,594,0,594,594,594,0,594,594,594,594,594,0,0,0,0,594,594,0,0,0,0,0
508,508,508,508,508,508,0,508,508,508,0,508,508,508,508,508,0,0,0,0,508,508,0,0,44,0,0
504,504,504,504,504,504,0,504,504,504,0,504,504,504,504,504,0,0,0,0,504,504,0,0,504,0,0
488,488,488,488,488,488,0,488,488,488,0,488,488,488,488,488,0,0,0,0,488,488,0,0,488,24,0
473,473,473,473,473,473,0,473,473,473,0,473,473,473,473,473,0,0,0,0,473,473,0,0,473,33,0
445,445,445,445,445,445,0,445,445,445,0,445,445,445,445,445,0,0,0,0,445,445,0,0,445,0,0
509,509,509,509,509,509,0,509,509,509,0,509,509,509,509,509,0,0,0,0,509,509,0,0,509,24,0
450,450,450,450,450,450,0,450,450,450,0,450,450,450,450,450,0,0,0,0,450,450,0,0,450,24,0
408,408,408,408,408,408,0,408,408,408,0,408,408,408,408,408,0,0,0,0,408,408,0,0,408,0,0
414,414,414,414,414,414,0,414,414,414,0,414,414,414,414,414,0,0,0,0,414,414,0,0,414,0,0
377,377,377,377,377,377,0,377,377,377,0,377,377,377,377,377,0,0,0,0,377,377,0,0,377,0,0
335,335,335,335,335,335,0,335,335,335,0,335,335,335,335,335,0,0,0,0,335,335,0,0,335,35,0
347,347,347,347,347,347,0,347,347,347,0,347,347,347,347,347,0,0,0,0,347,347,0,0,347,28,0
328,328,328,328,328,328,0,328,328,328,0,328,328,328,328,328,0,0,0,0,328,328,0,0,328,0,0
320,320,320,320,320,320,0,320,320,320,0,320,320,320,320,320,0,0,0,0,320,320,0,0,320,0,0
314,314,314,314,314,314,0,314,314,314,0,314,314,314,314,314,0,0,0,0,314,314,0,0,314,0,0
312,312,312,312,312,312,0,312,312,312,0,312,312,312,312,312,0,0,0,0,312,312,0,0,312,22,0
277,277,277,277,277,277,0,277,277,277,0,277,277,277,277,277,0,0,0,0,277,277,0,0,277,22,0
280,280,280,280,280,280,0,280,280,280,0,280,280,280,280,280,0,0,0,0,280,280,0,0,280,34,0
333,333,333,333,333,333,0,333,333,333,0,333,333,333,333,333,0,0,0,0,333,333,0,0,333,25,0
243,243,243,243,243,243,0,243,243,243,0,243,243,243,243,243,0,0,0,0,243,243,0,0,243,51,0
209,209,209,209,209,209,0,209,209,209,0,209,209,209,209,209,0,0,0,0,209,209,0,0,209,40,0
192,192,192,192,192,192,0,192,192,192,0,192,192,192,192,192,0,0,0,0,192,192,0,0,192,40,0
161,161,161,161,161,161,0,161,161,161,0,161,161,161,161,161,0,0,0,0,161,161,0,0,161,31,0
137,137,137,137,137,137,0,137,137,137,0,137,137,137,137,137,0,0,0,0,137,137,0,0,137,60,0
299,299,299,299,299,299,0,299,299,299,0,299,299,299,299,299,0,0,0,0,299,299,0,0,299,299,0
193,193,193,193,193,193,0,193,193,193,0,193,193,193,193,193,0,0,0,0,193,193,0,0,193,193,0
262,262,262,262,262,262,0,262,262,262,0,262,262,262,262,262,0,0,0,0,262,262,0,0,262,262,0
259,259,259,259,259,259,0,259,259,259,0,259,259,259,259,259,0,0,0,0,259,259,0,0,259,259,0
132,132,132,132,132,132,0,132,132,132,0,132,132,132,132,132,0,0,0,0,132,132,0,0,132,132,0
282,282,282,282,282,282,0,282,282,282,0,282,282,282,282,282,0,0,0,0,282,282,0,0,282,282,0
126,126,126,126,126,126,0,126,126,126,0,126,126,126,126,126,0,0,0,0,126,126,0,0,126,126,0
202,202,202,202,202,202,0,202,202,202,0,202,202,202,202,202,0,0,0,0,202,202,0,0,202,202,0
202,202,202,202,202,202,0,202,202,202,0,202,202,202,202,202,0,0,0,0,202,202,0,0,202,202,0
212,212,212,212,212,212,0,212,212,212,0,212,212,212,212,212,0,0,0,0,212,212,0,0,212,212,0
147,147,147,147,147,147,0,147,147,147,0,147,147,147,147,147,0,0,0,0,147,147,0,0,147,147,0
144,144,144,144,144,144,0,144,144,144,0,144,144,144,144,144,0,0,0,0,144,144,0,0,144,144,0
189,189,189,189,189,189,0,189,189,189,0,189,189,189,189,189,0,0,0,0,189,189,0,0,189,189,0
233,233,233,233,233,233,0,233,233,233,0,233,233,233,233,233,0,0,0,0,233,233,0,0,233,233,0
271,271,271,271,271,271,0,271,271,271,0,271,271,271,271,271,0,0,0,0,271,271,0,0,271,271,0
298,298,298,298,298,298,0,298,298,298,0,298,298,298,298,298,0,0,0,0,298,298,0,0,298,298,0
277,277,277,277,277,277,0,277,277,277,0,277,277,277,277,277,0,0,0,0,277,277,0,0,277,277,0
251,251,251,251,251,251,0,251,251,251,0,251,251,251,251,251,0,0,0,0,251,251,0,0,251,251,0
232,232,232,232,232,232,0,232,232,232,0,232,232,232,232,232,0,0,0,0,232,232,0,0,232,232,0
239,239,239,239,239,239,0,239,239,239,0,239,239,239,239,239,0,0,0,0,239,239,0,0,239,239,0
124,124,124,124,124,124,0,124,124,124,0,124,124,124,124,124,0,0,0,0,124,124,0,0,124,124,0
156,156,156,156,156,156,0,156,156,156,0,156,156,156,156,156,0,0,0,0,156,156,0,0,156,156,0
135,135,135,135,135,135,0,135,135,135,0,135,135,135,135,135,0,0,0,0,135,135,0,0,135,135,0
119,119,119,119,119,119,0,119,119,119,0,119,119,119,119,119,0,0,0,0,119,119,0,0,119,119,0
192,192,192,192,192,192,0,192,192,192,0,192,192,192,192,192,0,0,0,0,192,192,0,0,192,192,0
190,190,190,190,190,190,0,190,190,190,0,190,190,190,190,190,0,0,0,0,190,190,0,0,190,190,0
183,183,183,183,183,183,0,183,183,183,0,183,183,183,183,183,0,0,0,0,183,183,0,0,183,183,0
180,180,180,180,180,180,0,180,180,180,0,180,180,180,180,180,0,0,0,0,180,180,0,0,180,180,0
128,128,128,128,128,128,0,128,128,128,0,128,128,128,128,128,0,0,0,0,128,128,0,0,128,128,0
163,163,163,163,163,163,0,163,163,163,0,163,163,163,163,163,0,0,0,0,163,163,0,0,163,163,0
134,134,134,134,134,134,0,134,134,134,0,134,134,134,134,134,0,0,0,0,134,134,0,0,134,134,0
133,133,133,133,133,133,0,133,133,133,0,133,133,133,133,133,0,0,0,0,133,133,0,0,133,133,0
147,147,147,147,147,147,0,147,147,147,0,147,147,147,147,147,0,0,0,0,147,147,0,0,147,147,0
148,148,148,148,148,148,0,148,148,148,0,148,148,148,148,148,0,0,0,0,148,148,0,0,148,148,0
103,103,103,103,103,103,0,103,103,103,0,103,103,103,103,103,0,0,0,0,103,103,0,0,103,103,0
99,99,99,99,99,99,0,99,99,99,0,99,99,99,99,99,0,0,0,0,99,99,0,0,99,99,0
80,80,80,80,80,80,0,80,80,80,0,80,80,80,80,80,0,0,0,0,80,80,0,0,80,80,0
85,85,85,85,85,85,0,85,85,85,0,85,85,85,85,85,0,0,0,0,85,85,0,0,85,85,0
122,122,122,122,122,122,0,122,122,122,0,122,122,122,122,122,0,0,0,0,122,122,0,0,122,122,0
139,139,139,139,139,139,0,139,139,139,0,139,139,139,139,139,0,0,0,0,139,139,0,0,139,139,0
171,171,171,171,171,171,0,171,171,171,0,171,171,171,171,171,0,0,0,0,171,171,0,0,171,171,0
129,129,129,129,129,129,0,129,129,129,0,129,129,129,129,129,0,0,0,0,129,129,0,0,129,129,0
140,140,140,140,140,140,0,140,140,140,0,140,140,140,140,140,0,0,0,0,140,140,0,0,140,140,0
108,108,108,108,108,108,0,108,108,108,0,108,108,108,108,108,0,0,0,0,108,108,0,0,108,108,0
127,127,127,127,127,127,0,127,127,127,0,127,127,127,127,127,0,0,0,0,127,127,0,0,127,127,0
122,122,122,122,122,122,0,122,122,122,0,122,122,122,122,122,0,0,0,0,122,122,0,0,122,122,0
128,128,128,128,128,128,0,128,128,128,0,128,128,128,128,128,0,0,0,0,128,128,0,0,128,128,0
102,102,102,102,102,102,0,102,102,102,0,102,102,102,102,102,0,0,0,0,102,102,0,0,102,102,0
81,81,81,81,81,81,0,81,81,81,0,81,81,81,81,81,0,0,0,0,81,81,0,0,81,81,0
65,65,65,65,65,65,0,65,65,65,0,65,65,65,65,65,0,0,0,0,65,65,0,0,65,65,0
75,75,75,75,75,75,0,75,75,75,0,75,75,75,75,75,0,0,0,0,75,75,0,0,75,75,0
39,39,39,39,39,39,0,39,39,39,0,39,39,39,39,39,0,0,0,0,39,39,0,0,39,39,0
68,68,68,68,68,68,0,68,68,68,0,68,68,68,68,68,0,0,0,0,68,68,0,0,68,68,0
32,32,32,32,32,32,0,32,32,32,0,32,32,32,32,32,0,0,0,0,32,32,0,0,32,32,0
33,33,33,33,33,33,0,33,33,33,0,33,33,33,33,33,0,0,0,0,33,33,0,0,33,33,0
34,34,34,34,34,34,0,34,34,34,0,34,34,34,34,34,0,0,0,0,34,34,0,0,34,34,0
30,30,30,30,30,30,0,30,30,30,0,30,30,30,30,30,0,0,0,0,30,30,0,0,30,30,0
0,0,0,0,0,0,0,0,0,0,0,0,0,0,0,0,0,0,0,0,0,0,0,0,0,0,0
21,21,21,21,21,21,0,21,21,21,0,21,21,21,21,21,0,0,0,0,21,21,0,0,21,21,0
27,27,27,27,27,27,0,27,27,27,0,27,27,27,27,27,0,0,0,0,27,27,0,0,27,27,0
30,30,30,30,30,30,0,30,30,30,0,30,30,30,30,30,0,0,0,0,30,30,0,0,30,30,0
31,31,31,31,31,31,0,31,31,31,0,31,31,31,31,31,0,0,0,0,31,31,0,0,31,31,0
45,45,45,45,45,45,0,45,45,45,0,45,45,45,45,45,0,0,0,0,45,45,0,0,45,45,0
23,23,23,23,23,23,0,23,23,23,0,23,23,23,23,23,0,0,0,0,23,23,0,0,23,23,0
0,0,0,0,0,0,0,0,0,0,0,0,0,0,0,0,0,0,0,0,0,0,0,0,0,0,0
0,0,0,0,0,0,0,0,0,0,0,0,0,0,0,0,0,0,0,0,0,0,0,0,0,0,0
27,27,27,27,27,27,0,27,27,27,0,27,27,27,27,27,0,0,0,0,27,27,0,0,27,27,0
33,33,33,33,33,33,0,33,33,33,0,33,33,33,33,33,0,0,0,0,33,33,0,0,33,33,0
45,45,45,45,45,45,0,45,45,45,0,45,45,45,45,45,0,0,0,0,45,45,0,0,45,45,0
27,27,27,27,27,27,0,27,27,27,0,27,27,27,27,27,0,0,0,0,27,27,0,0,27,27,0
23,23,23,23,23,23,0,23,23,23,0,23,23,23,23,23,0,0,0,0,23,23,0,0,23,23,0
23,23,23,23,23,23,0,23,23,23,0,23,23,23,23,23,0,0,0,0,23,23,0,0,23,23,0
28,28,28,28,28,28,0,28,28,28,0,28,28,28,28,28,0,0,0,0,28,28,0,0,28,28,0
44,44,44,44,44,44,0,44,44,44,0,44,44,44,44,44,0,0,0,0,44,44,0,0,44,44,0
33,33,33,33,33,33,0,33,33,33,0,33,33,33,33,33,0,0,0,0,33,33,0,0,33,33,0
34,34,34,34,34,34,0,34,34,34,0,34,34,34,34,34,0,0,0,0,34,34,0,0,34,34,0
34,34,34,34,34,34,0,34,34,34,0,34,34,34,34,34,0,0,0,0,34,34,0,0,34,34,0
37,37,37,37,37,37,0,37,37,37,0,37,37,37,37,37,0,0,0,0,37,37,0,0,37,37,0
33,33,33,33,33,33,0,33,33,33,0,33,33,33,33,33,0,0,0,0,33,33,0,0,33,33,0
40,40,40,40,40,40,0,40,40,40,0,40,40,40,40,40,0,0,0,0,40,40,0,0,40,40,0
42,42,42,42,42,42,0,42,42,42,0,42,42,42,42,42,0,0,0,0,42,42,0,0,42,42,0
66,66,66,66,66,66,0,66,66,66,0,66,66,66,66,66,0,0,0,0,66,66,0,0,66,66,0
27,27,27,27,27,27,0,27,27,27,0,27,27,27,27,27,0,0,0,0,27,27,0,0,27,27,0
35,35,35,35,35,35,0,35,35,35,0,35,35,35,35,35,0,0,0,0,35,35,0,0,35,35,0
0,0,0,0,0,0,0,0,0,0,0,0,0,0,0,0,0,0,0,0,0,0,0,0,0,0,0
0,0,0,0,0,0,0,0,0,0,0,0,0,0,0,0,0,0,0,0,0,0,0,0,0,0,0
0,0,0,0,0,0,0,0,0,0,0,0,0,0,0,0,0,0,0,0,0,0,0,0,0,0,0
0,0,0,0,0,0,0,0,0,0,0,0,0,0,0,0,0,0,0,0,0,0,0,0,0,0,0
26,26,26,26,26,26,0,26,26,26,0,26,26,26,26,26,0,0,0,0,26,26,0,0,26,26,0
28,28,28,28,28,28,0,28,28,28,0,28,28,28,28,28,0,0,0,0,28,28,0,0,28,28,0
0,0,0,0,0,0,0,0,0,0,0,0,0,0,0,0,0,0,0,0,0,0,0,0,0,0,0
0,0,0,0,0,0,0,0,0,0,0,0,0,0,0,0,0,0,0,0,0,0,0,0,0,0,0
0,0,0,0,0,0,0,0,0,0,0,0,0,0,0,0,0,0,0,0,0,0,0,0,0,0,0
0,0,0,0,0,0,0,0,0,0,0,0,0,0,0,0,0,0,0,0,0,0,0,0,0,0,0
0,0,0,0,0,0,0,0,0,0,0,0,0,0,0,0,0,0,0,0,0,0,0,0,0,0,0
0,0,0,0,0,0,0,0,0,0,0,0,0,0,0,0,0,0,0,0,0,0,0,0,0,0,0
0,0,0,0,0,0,0,0,0,0,0,0,0,0,0,0,0,0,0,0,0,0,0,0,0,0,0
0,0,0,0,0,0,0,0,0,0,0,0,0,0,0,0,0,0,0,0,0,0,0,0,0,0,0
0,0,0,0,0,0,0,0,0,0,0,0,0,0,0,0,0,0,0,0,0,0,0,0,0,0,0
0,0,0,0,0,0,0,0,0,0,0,0,0,0,0,0,0,0,0,0,0,0,0,0,0,0,0
0,0,0,0,0,0,0,0,0,0,0,0,0,0,0,0,0,0,0,0,0,0,0,0,0,0,0
0,0,0,0,0,0,0,0,0,0,0,0,0,0,0,0,0,0,0,0,0,0,0,0,0,0,0
0,0,0,0,0,0,0,0,0,0,0,0,0,0,0,0,0,0,0,0,0,0,0,0,0,0,0
0,0,0,0,0,0,0,0,0,0,0,0,0,0,0,0,0,0,0,0,0,0,0,0,0,0,0
0,0,0,0,0,0,0,0,0,0,0,0,0,0,0,0,0,0,0,0,0,0,0,0,0,0,0
0,0,0,0,0,0,0,0,0,0,0,0,0,0,0,0,0,0,0,0,0,0,0,0,0,0,0
0,0,0,0,0,0,0,0,0,0,0,0,0,0,0,0,0,0,0,0,0,0,0,0,0,0,0
0,0,0,0,0,0,0,0,0,0,0,0,0,0,0,0,0,0,0,0,0,0,0,0,0,0,0
22,22,22,22,22,22,0,22,22,22,0,22,22,22,22,22,0,0,0,0,22,22,0,0,22,22,0
25,25,25,25,25,25,0,25,25,25,0,25,25,25,25,25,0,0,0,0,25,25,0,0,25,25,0
0,0,0,0,0,0,0,0,0,0,0,0,0,0,0,0,0,0,0,0,0,0,0,0,0,0,0
0,0,0,0,0,0,0,0,0,0,0,0,0,0,0,0,0,0,0,0,0,0,0,0,0,0,0
0,0,0,0,0,0,0,0,0,0,0,0,0,0,0,0,0,0,0,0,0,0,0,0,0,0,0
22,22,22,22,22,22,0,22,22,22,0,22,22,22,22,22,0,0,0,0,22,22,0,0,22,22,0
23,23,23,23,23,23,0,23,23,23,0,23,23,23,23,23,0,0,0,0,23,23,0,0,23,23,0
23,23,23,23,23,23,0,23,23,23,0,23,23,23,23,23,0,0,0,0,23,23,0,0,23,23,0
20,20,20,20,20,20,0,20,20,20,0,20,20,20,20,20,0,0,0,0,20,20,0,0,20,20,0
0,0,0,0,0,0,0,0,0,0,0,0,0,0,0,0,0,0,0,0,0,0,0,0,0,0,0
46,46,46,46,46,46,0,46,46,46,0,46,46,46,46,46,0,0,0,0,46,46,0,0,46,46,0
21,21,21,21,21,21,0,21,21,21,0,21,21,21,21,21,0,0,0,0,21,21,0,0,21,21,0
24,24,24,24,24,24,0,24,24,24,0,24,24,24,24,24,0,0,0,0,24,24,0,0,24,24,0
24,24,24,24,24,24,0,24,24,24,0,24,24,24,24,24,0,0,0,0,24,24,0,0,24,24,0
39,39,39,39,39,39,0,39,39,39,0,39,39,39,39,39,0,0,0,0,39,39,0,0,39,39,0
0,0,0,0,0,0,0,0,0,0,0,0,0,0,0,0,0,0,0,0,0,0,0,0,0,0,0
0,0,0,0,0,0,0,0,0,0,0,0,0,0,0,0,0,0,0,0,0,0,0,0,0,0,0
0,0,0,0,0,0,0,0,0,0,0,0,0,0,0,0,0,0,0,0,0,0,0,0,0,0,0
0,0,0,0,0,0,0,0,0,0,0,0,0,0,0,0,0,0,0,0,0,0,0,0,0,0,0
0,0,0,0,0,0,0,0,0,0,0,0,0,0,0,0,0,0,0,0,0,0,0,0,0,0,0
0,0,0,0,0,0,0,0,0,0,0,0,0,0,0,0,0,0,0,0,0,0,0,0,0,0,0
24,24,24,24,24,24,0,24,24,24,0,24,24,24,24,24,0,0,0,0,24,24,0,0,24,24,0
35,35,35,35,35,35,0,35,35,35,0,35,35,35,35,35,0,0,0,0,35,35,0,0,35,35,0
47,47,47,47,47,47,0,47,47,47,0,47,47,47,47,47,0,0,0,0,47,47,0,0,47,47,59
49,49,49,49,49,49,0,49,49,49,0,49,49,49,49,49,0,0,0,0,49,49,0,0,49,49,75
62,62,62,62,62,62,0,62,62,62,0,62,62,62,62,62,0,0,0,0,62,62,0,0,62,62,29
61,61,61,61,61,61,0,61,61,61,0,61,61,61,61,61,0,0,0,0,61,61,0,0,61,61,39
57,57,57,57,57,57,0,57,57,57,0,57,57,57,57,57,0,0,0,0,57,57,0,0,57,57,137
70,70,70,70,70,70,0,70,70,70,0,70,70,70,70,70,0,0,0,0,70,70,0,0,70,70,133
62,62,62,62,62,62,0,62,62,62,0,62,62,62,62,62,0,0,0,0,62,62,0,0,62,62,129
60,60,60,60,60,60,0,60,60,60,0,60,60,60,60,60,0,0,0,0,60,60,0,0,60,60,122
77,77,77,77,77,77,0,77,77,77,0,77,77,77,77,77,0,0,0,0,77,77,0,0,77,77,173
51,51,51,51,51,51,0,51,51,51,0,51,51,51,51,51,0,0,0,0,51,51,0,0,51,51,225
37,37,37,37,37,37,0,37,37,37,0,37,37,37,37,37,0,0,0,0,37,37,0,0,37,37,357
23,23,23,23,23,23,0,23,23,23,0,23,23,23,23,23,0,0,0,0,23,23,0,0,23,23,258
23,23,23,23,23,23,0,23,23,23,0,23,23,23,23,23,0,0,0,0,23,23,0,0,23,23,257
23,23,23,23,23,23,0,23,23,23,0,23,23,23,23,23,0,0,0,0,23,23,0,0,23,23,344
40,40,40,40,40,40,0,40,40,40,0,40,40,40,40,40,0,0,0,0,40,40,0,0,40,40,251
27,27,27,27,27,27,0,27,27,27,0,27,27,27,27,27,0,0,0,0,27,27,0,0,27,27,185
172,172,172,172,172,172,0,172,172,172,0,172,172,172,172,172,0,0,0,0,172,172,0,0,172,172,172
229,229,229,229,229,229,0,229,229,229,0,229,229,229,229,229,0,0,0,0,229,229,0,0,229,229,229
286,286,286,286,286,286,0,286,286,286,0,286,286,286,286,286,0,0,0,0,286,286,0,0,286,286,286
328,328,328,328,328,328,0,328,328,328,0,328,328,328,328,328,0,0,0,0,328,328,0,0,328,328,328
297,297,297,297,297,297,0,297,297,297,0,297,297,297,297,297,0,0,0,0,297,297,0,0,297,297,297
164,164,164,164,164,164,0,164,164,164,0,164,164,164,164,164,0,0,0,0,164,164,0,0,164,164,164
205,205,205,205,205,205,0,205,205,205,0,205,205,205,205,205,0,0,0,0,205,205,0,0,205,205,205
149,149,149,149,149,149,0,149,149,149,0,149,149,149,149,149,0,0,0,0,149,149,0,0,149,149,149
180,180,180,180,180,180,0,180,180,180,0,180,180,180,180,180,0,0,0,0,180,180,0,0,180,180,180
187,187,187,187,187,187,0,187,187,187,0,187,187,187,187,187,0,0,0,0,187,187,0,0,187,187,187
142,142,142,142,142,142,0,142,142,142,0,142,142,142,142,142,0,0,0,0,142,142,0,0,142,142,142
133,133,133,133,133,133,0,133,133,133,0,133,133,133,133,133,0,0,0,0,133,133,0,0,133,133,133
173,173,173,173,173,173,0,173,173,173,0,173,173,173,173,173,0,0,0,0,173,173,0,0,173,173,173
181,181,181,181,181,181,0,181,181,181,0,181,181,181,181,181,0,0,0,0,181,181,0,0,181,181,181
129,129,129,129,129,129,0,129,129,129,0,129,129,129,129,129,0,0,0,0,129,129,0,0,129,129,129
114,114,114,114,114,114,0,114,114,114,0,114,114,114,114,114,0,0,0,0,114,114,0,0,114,114,114
124,124,124,124,124,124,0,124,124,124,0,124,124,124,124,124,0,0,0,0,124,124,0,0,124,124,124
98,98,98,98,98,98,0,98,98,98,0,98,98,98,98,98,0,0,0,0,98,98,0,0,98,98,98
108,108,108,108,108,108,0,108,108,108,0,108,108,108,108,108,0,0,0,0,108,108,0,0,108,108,108
129,129,129,129,129,129,0,129,129,129,0,129,129,129,129,129,0,0,0,0,129,129,0,0,129,129,129
125,125,125,125,125,125,0,125,125,125,0,125,125,125,125,125,0,0,0,0,125,125,0,0,125,125,125
116,116,116,116,116,116,0,116,116,116,0,116,116,116,116,116,0,0,0,0,116,116,0,0,116,116,116
144,144,144,144,144,144,0,144,144,144,0,144,144,144,144,144,0,0,0,0,144,144,0,0,144,144,144
223,223,223,223,223,223,0,223,223,223,0,223,223,223,223,223,0,0,0,0,223,223,0,0,223,223,223
226,226,226,226,226,226,0,226,226,226,0,226,226,226,226,226,0,0,0,0,226,226,0,0,226,226,226
216,216,216,216,216,216,0,216,216,216,0,216,216,216,216,216,0,0,0,0,216,216,0,0,216,216,216
202,202,202,202,202,202,0,202,202,202,0,202,202,202,202,202,0,0,0,0,202,202,0,0,202,202,202
179,179,179,179,179,179,0,179,179,179,0,179,179,179,179,179,0,0,0,0,179,179,0,0,179,179,179
274,274,274,274,274,274,0,274,274,274,0,274,274,274,274,274,0,0,0,0,274,274,0,0,274,274,274
248,248,248,248,248,248,0,248,248,248,0,248,248,248,248,248,0,0,0,0,248,248,0,0,248,248,248
309,309,309,309,309,309,0,309,309,309,0,309,309,309,309,309,0,0,0,0,309,309,0,0,309,309,309
219,219,219,219,219,219,0,219,219,219,0,219,219,219,219,219,0,0,0,0,219,219,0,0,219,219,219
314,314,314,314,314,314,0,314,314,314,0,314,314,314,314,314,0,0,0,0,314,314,0,0,314,314,314
186,186,186,186,186,186,0,186,186,186,0,186,186,186,186,186,0,0,0,0,186,186,0,0,186,186,186
302,302,302,302,302,302,0,302,302,302,0,302,302,302,302,302,0,0,0,0,302,302,0,0,302,302,302
332,332,332,332,332,332,0,332,332,332,0,332,332,332,332,332,0,0,0,0,332,332,0,0,332,332,332
271,271,271,271,271,271,0,271,271,271,0,271,271,271,271,271,0,0,0,0,271,271,0,0,271,271,271
238,238,238,238,238,238,0,238,238,238,0,238,238,238,238,238,0,0,0,0,238,238,0,0,238,238,238
251,251,251,251,251,251,0,251,251,251,0,251,251,251,251,251,0,0,0,0,251,251,0,0,251,251,251
289,289,289,289,289,289,0,289,289,289,0,289,289,289,289,289,0,0,0,0,289,289,0,0,289,289,289
317,317,317,317,317,317,0,317,317,317,0,317,317,317,317,317,0,0,0,0,317,317,0,0,317,317,317
282,282,282,282,282,282,0,282,282,282,0,282,282,282,282,282,0,0,0,0,282,282,0,0,282,282,282
336,336,336,336,336,336,0,336,336,336,0,336,336,336,336,336,0,0,0,0,336,336,0,0,336,336,336
287,287,287,287,287,287,0,287,287,287,0,287,287,287,287,287,0,0,0,0,287,287,0,0,287,287,287
120,120,120,120,120,120,0,120,120,120,0,120,120,120,120,120,0,0,0,0,120,120,0,0,120,120,120
171,171,171,171,171,171,0,171,171,171,0,171,171,171,171,171,0,0,0,0,171,171,0,0,171,171,171
237,237,237,237,237,237,0,237,237,237,0,237,237,237,237,237,0,0,0,0,237,237,0,0,237,237,237
144,144,144,144,144,144,0,144,144,144,0,144,144,144,144,144,0,0,0,0,144,144,0,0,144,144,144
92,92,92,92,92,92,0,92,92,92,0,92,92,92,92,92,0,0,0,0,92,92,0,0,92,92,92
108,108,108,108,108,108,0,108,108,108,0,108,108,108,108,108,0,0,0,0,108,108,0,0,108,108,108
147,147,147,147,147,147,0,147,147,147,0,147,147,147,147,147,0,0,0,0,147,147,0,0,147,147,147
121,121,121,121,121,121,0,121,121,121,0,121,121,121,121,121,0,0,0,0,121,121,0,0,121,121,121
81,81,81,81,81,81,0,81,81,81,0,81,81,81,81,81,0,0,0,0,81,81,0,0,81,81,81
125,125,125,125,125,125,0,125,125,125,0,125,125,125,125,125,0,0,0,0,125,125,0,0,125,125,125
135,135,135,135,135,135,0,135,135,135,0,135,135,135,135,135,0,0,0,0,135,135,0,0,135,135,135
109,109,109,109,109,109,0,109,109,109,0,109,109,109,109,109,0,0,0,0,109,109,0,0,109,109,109
151,151,151,151,151,151,0,151,151,151,0,151,151,151,151,151,0,0,0,0,151,151,0,0,151,151,151
85,85,85,85,85,85,0,85,85,85,0,85,85,85,85,85,23,23,23,23,85,85,23,0,85,85,85
77,77,77,77,77,77,0,77,77,77,0,77,77,77,77,77,0,0,0,0,77,77,0,0,77,77,77
81,81,81,81,81,81,0,81,81,81,0,81,81,81,81,81,0,0,0,0,81,81,0,0,81,81,81
53,53,53,53,53,53,0,53,53,53,0,53,53,53,53,53,0,0,0,0,53,53,0,0,53,53,53
58,58,58,58,58,58,0,58,58,58,0,58,58,58,58,58,0,0,0,0,58,58,0,0,58,58,58
74,74,74,74,74,74,0,74,74,74,0,74,74,74,74,74,0,0,0,0,74,74,0,0,74,74,74
72,72,72,72,72,72,0,72,72,72,0,72,72,72,72,72,0,0,0,0,72,72,0,23,72,72,72
82,82,82,82,82,82,0,82,82,82,0,82,82,82,82,82,0,0,0,0,82,82,0,82,82,82,82
78,78,78,78,78,78,0,78,78,78,0,78,78,78,78,78,0,0,0,0,78,78,0,78,78,78,78
90,90,90,90,90,90,0,90,90,90,0,90,90,90,90,90,0,0,0,0,90,90,0,90,90,90,90
61,61,61,61,61,61,0,61,61,61,0,61,61,61,61,61,0,0,0,0,61,61,0,61,61,61,61
82,82,82,82,82,82,0,82,82,82,0,82,82,82,82,82,0,0,0,0,82,82,0,82,82,82,82
51,51,51,51,51,51,0,51,51,51,0,51,51,51,51,51,0,0,0,0,51,51,0,51,51,51,51
27,27,27,27,27,27,0,27,27,27,0,27,27,27,27,27,0,0,0,0,27,27,0,27,27,27,27
33,33,33,33,33,33,0,33,33,33,0,33,33,33,33,33,0,0,0,0,33,33,0,33,33,33,33
23,23,23,23,23,23,0,23,23,23,0,23,23,23,23,23,0,0,0,0,23,23,0,23,23,23,23
27,27,27,27,27,27,0,27,27,27,0,27,27,27,27,27,0,0,0,0,27,27,0,27,27,27,27
31,31,31,31,31,31,0,31,31,31,0,31,31,31,31,31,0,0,0,0,31,31,0,31,31,31,31
37,37,37,37,37,37,0,37,37,37,0,37,37,37,37,37,0,0,0,0,37,37,0,37,37,37,37
28,28,28,28,28,28,0,28,28,28,0,28,28,28,28,28,0,0,0,0,28,28,0,28,28,28,28
0,0,0,0,0,0,0,0,0,0,0,0,0,0,0,0,0,0,0,0,0,0,0,0,0,0,0
25,25,25,25,25,25,0,25,25,25,0,25,25,25,25,25,0,0,0,0,25,25,0,25,25,25,25
0,0,0,0,0,0,0,0,0,0,0,0,0,0,0,0,0,0,0,0,0,0,0,0,0,0,0
0,0,0,0,0,0,0,0,0,0,0,0,0,0,0,0,33,33,33,33,0,0,33,0,0,0,0
0,0,0,0,0,0,0,0,0,0,0,0,0,0,0,0,25,25,25,25,0,0,25,0,0,0,0
0,0,0,0,0,0,0,0,0,0,0,0,0,0,0,0,0,0,0,0,0,0,0,0,0,0,0
0,0,0,0,0,0,0,0,0,0,0,0,0,0,0,0,0,0,0,0,0,0,0,0,0,0,0
35,35,35,35,35,35,0,35,35,35,0,35,35,35,35,35,0,0,0,0,35,35,0,35,35,35,35
39,39,39,39,39,39,0,39,39,39,0,39,39,39,39,39,30,30,30,30,39,39,30,39,39,39,39
47,47,47,47,47,47,0,47,47,47,0,47,47,47,47,47,0,0,0,0,47,47,0,47,47,47,47
51,51,51,51,51,51,0,51,51,51,0,51,51,51,51,51,0,0,0,0,51,51,0,51,51,51,51
94,94,94,94,94,94,0,94,94,94,0,94,94,94,94,94,0,0,0,0,94,94,0,94,94,94,94
104,104,104,104,104,104,0,104,104,104,0,104,104,104,104,104,0,0,0,0,104,104,0,104,104,104,104
79,79,79,79,79,79,0,79,79,79,0,79,79,79,79,79,0,0,0,0,79,79,0,79,79,79,79
72,72,72,72,72,72,0,72,72,72,0,72,72,72,72,72,0,0,0,0,72,72,0,72,72,72,72
66,66,66,66,66,66,0,66,66,66,0,66,66,66,66,66,0,0,0,0,66,66,0,66,66,66,66
58,58,58,58,58,58,0,58,58,58,0,58,58,58,58,58,0,0,0,0,58,58,0,58,58,58,58
49,49,49,49,49,49,0,49,49,49,0,49,49,49,49,49,0,0,0,0,49,49,0,49,49,49,49
70,70,70,70,70,70,0,70,70,70,0,70,70,70,70,70,0,0,0,0,70,70,0,70,70,70,70
40,40,40,40,40,40,0,40,40,40,0,40,40,40,40,40,0,0,0,0,40,40,0,40,40,40,40
40,40,40,40,40,40,0,40,40,40,0,40,40,40,40,40,0,0,0,0,40,40,0,40,40,40,40
0,0,0,0,0,0,0,0,0,0,0,0,0,0,0,0,0,0,0,0,0,0,0,0,0,0,0
0,0,0,0,0,0,0,0,0,0,0,0,0,0,0,0,0,0,0,0,0,0,0,0,0,0,0
0,0,0,0,0,0,0,0,0,0,0,0,0,0,0,0,20,20,20,20,0,0,20,0,0,0,0
0,0,0,0,0,0,0,0,0,0,0,0,0,0,0,0,55,55,55,55,0,0,55,0,0,0,0
0,0,0,0,0,0,0,0,0,0,0,0,0,0,0,0,62,62,62,62,0,0,62,0,0,0,0
0,0,0,0,0,0,0,0,0,0,0,0,0,0,0,0,43,43,43,43,0,0,43,0,0,0,0
0,0,0,0,0,0,0,0,0,0,0,0,0,0,0,0,52,52,52,52,0,0,52,0,0,0,0
0,0,0,0,0,0,0,0,0,0,0,0,0,0,0,0,62,62,62,62,0,0,62,0,0,0,0
0,0,0,0,0,0,0,0,0,0,0,0,0,0,0,0,62,62,62,62,0,0,62,0,0,0,0
0,0,0,0,0,0,0,0,0,0,0,0,0,0,0,0,48,48,48,48,0,0,48,0,0,0,0
0,0,0,0,0,0,0,0,0,0,0,0,0,0,0,0,69,69,69,69,0,0,69,0,0,0,0
0,0,0,0,0,0,0,0,0,0,0,0,0,0,0,0,78,78,78,78,0,0,78,0,0,0,0
0,0,0,0,0,0,0,0,0,0,0,0,0,0,0,0,82,82,82,82,0,0,82,0,0,0,0
0,0,0,0,0,0,0,0,0,0,0,0,0,0,0,0,71,71,71,71,0,0,71,0,0,0,0
0,0,0,0,0,0,0,0,0,0,0,0,0,0,0,0,43,43,43,43,0,0,43,0,0,0,0
0,0,0,0,0,0,0,0,0,0,0,0,0,0,0,0,0,0,0,0,0,0,0,0,0,0,0
0,0,0,0,0,0,0,0,0,0,0,0,0,0,0,0,20,20,20,20,0,0,20,0,0,0,0
0,0,0,0,0,0,0,0,0,0,0,0,0,0,0,0,0,0,0,0,0,0,0,0,0,0,0
0,0,0,0,0,0,0,0,0,0,0,0,0,0,0,0,0,0,0,0,0,0,0,0,0,0,0
0,0,0,0,0,0,0,0,0,0,0,0,0,0,0,0,0,0,0,0,0,0,0,0,0,0,0
0,0,0,0,0,0,0,0,0,0,0,0,0,0,0,0,0,0,0,0,0,0,0,0,0,0,0
0,0,0,0,0,0,0,0,0,0,0,0,0,0,0,0,0,0,0,0,0,0,0,0,0,0,0
0,0,0,0,0,0,0,0,0,0,0,0,0,0,0,0,0,0,0,0,0,0,0,0,0,0,0
0,0,0,0,0,0,0,0,0,0,0,0,0,0,0,0,0,0,0,0,0,0,0,0,0,0,0
0,0,0,0,0,0,0,0,0,0,0,0,0,0,0,0,0,0,0,0,0,0,0,0,0,0,0
0,0,0,0,0,0,0,0,0,0,0,0,0,0,0,0,0,0,0,0,0,0,0,0,0,0,0
0,0,0,0,0,0,0,0,0,0,0,0,0,0,0,0,0,0,0,0,0,0,0,0,0,0,0
0,0,0,0,0,0,0,0,0,0,0,0,0,0,0,0,0,0,0,0,0,0,0,0,0,0,0
0,0,0,0,0,0,0,0,0,0,0,0,0,0,0,0,0,0,0,0,0,0,0,0,0,0,0
0,0,0,0,0,0,0,0,0,0,0,0,0,0,0,0,0,0,0,0,0,0,0,0,0,0,0
0,0,0,0,0,0,0,0,0,0,0,0,0,0,0,0,0,0,0,0,0,0,0,0,0,0,0
0,0,0,0,0,0,0,0,0,0,0,0,0,0,0,0,0,0,0,0,0,0,0,0,0,0,0
0,0,0,0,0,0,0,0,0,0,0,0,0,0,0,0,0,0,0,0,0,0,0,0,0,0,0
0,0,0,0,0,0,0,0,0,0,0,0,0,0,0,0,0,0,0,0,0,0,0,0,0,0,0
