Coordinate,Scale_KM,TOT_dense,IC_num,CG_num,IC_amp,CG_amp,LJ,Sigma,Time,radar_ID,radar_Coor,max_SHI,nonneg_90_SHI,time_SHI,coor_SHI,valid_size_SHI,invalid_size_SHI,valid_range_SHI
,0.0,0.0,0,0,0.0,0.0,,,00:00:00,,,NaN,NaN,NaN,NaN,NaN,NaN,NaN
,0.0,0.0,0,0,0.0,0.0,,,00:02:00,,,NaN,NaN,NaN,NaN,NaN,NaN,NaN
,0.0,0.0,0,0,0.0,0.0,,,00:04:00,,,NaN,NaN,NaN,NaN,NaN,NaN,NaN
,0.0,0.0,0,0,0.0,0.0,,,00:06:00,,,NaN,NaN,NaN,NaN,NaN,NaN,NaN
,0.0,0.0,0,0,0.0,0.0,,,00:08:00,,,NaN,NaN,NaN,NaN,NaN,NaN,NaN
,0.0,0.0,0,0,0.0,0.0,,,00:10:00,,,NaN,NaN,NaN,NaN,NaN,NaN,NaN
,0.0,0.0,0,0,0.0,0.0,,,00:12:00,,,NaN,NaN,NaN,NaN,NaN,NaN,NaN
,0.0,0.0,0,0,0.0,0.0,,,00:14:00,,,NaN,NaN,NaN,NaN,NaN,NaN,NaN
,0.0,0.0,0,0,0.0,0.0,,,00:16:00,,,NaN,NaN,NaN,NaN,NaN,NaN,NaN
,0.0,0.0,0,0,0.0,0.0,,,00:18:00,,,NaN,NaN,NaN,NaN,NaN,NaN,NaN
,0.0,0.0,0,0,0.0,0.0,,,00:20:00,,,NaN,NaN,NaN,NaN,NaN,NaN,NaN
,0.0,0.0,0,0,0.0,0.0,,,00:22:00,,,NaN,NaN,NaN,NaN,NaN,NaN,NaN
,0.0,0.0,0,0,0.0,0.0,,,00:24:00,,,NaN,NaN,NaN,NaN,NaN,NaN,NaN
,0.0,0.0,0,0,0.0,0.0,,,00:26:00,,,NaN,NaN,NaN,NaN,NaN,NaN,NaN
,0.0,0.0,0,0,0.0,0.0,,,00:28:00,,,NaN,NaN,NaN,NaN,NaN,NaN,NaN
,0.0,0.0,0,0,0.0,0.0,,,00:30:00,,,NaN,NaN,NaN,NaN,NaN,NaN,NaN
,0.0,0.0,0,0,0.0,0.0,,,00:32:00,,,NaN,NaN,NaN,NaN,NaN,NaN,NaN
,0.0,0.0,0,0,0.0,0.0,,,00:34:00,,,NaN,NaN,NaN,NaN,NaN,NaN,NaN
,0.0,0.0,0,0,0.0,0.0,,,00:36:00,,,NaN,NaN,NaN,NaN,NaN,NaN,NaN
,0.0,0.0,0,0,0.0,0.0,,,00:38:00,,,NaN,NaN,NaN,NaN,NaN,NaN,NaN
,0.0,0.0,0,0,0.0,0.0,,,00:40:00,,,NaN,NaN,NaN,NaN,NaN,NaN,NaN
,0.0,0.0,0,0,0.0,0.0,,,00:42:00,,,NaN,NaN,NaN,NaN,NaN,NaN,NaN
,0.0,0.0,0,0,0.0,0.0,,,00:44:00,,,NaN,NaN,NaN,NaN,NaN,NaN,NaN
,0.0,0.0,0,0,0.0,0.0,,,00:46:00,,,NaN,NaN,NaN,NaN,NaN,NaN,NaN
,0.0,0.0,0,0,0.0,0.0,,,00:48:00,,,NaN,NaN,NaN,NaN,NaN,NaN,NaN
,0.0,0.0,0,0,0.0,0.0,,,00:50:00,,,NaN,NaN,NaN,NaN,NaN,NaN,NaN
,0.0,0.0,0,0,0.0,0.0,,,00:52:00,,,NaN,NaN,NaN,NaN,NaN,NaN,NaN
,0.0,0.0,0,0,0.0,0.0,,,00:54:00,,,NaN,NaN,NaN,NaN,NaN,NaN,NaN
,0.0,0.0,0,0,0.0,0.0,,,00:56:00,,,NaN,NaN,NaN,NaN,NaN,NaN,NaN
,0.0,0.0,0,0,0.0,0.0,,,00:58:00,,,NaN,NaN,NaN,NaN,NaN,NaN,NaN
,0.0,0.0,0,0,0.0,0.0,,,01:00:00,,,NaN,NaN,NaN,NaN,NaN,NaN,NaN
,0.0,0.0,0,0,0.0,0.0,,,01:02:00,,,NaN,NaN,NaN,NaN,NaN,NaN,NaN
,0.0,0.0,0,0,0.0,0.0,,,01:04:00,,,NaN,NaN,NaN,NaN,NaN,NaN,NaN
,0.0,0.0,0,0,0.0,0.0,,,01:06:00,,,NaN,NaN,NaN,NaN,NaN,NaN,NaN
,0.0,0.0,0,0,0.0,0.0,,,01:08:00,,,NaN,NaN,NaN,NaN,NaN,NaN,NaN
,0.0,0.0,0,0,0.0,0.0,,,01:10:00,,,NaN,NaN,NaN,NaN,NaN,NaN,NaN
,0.0,0.0,0,0,0.0,0.0,,,01:12:00,,,NaN,NaN,NaN,NaN,NaN,NaN,NaN
,0.0,0.0,0,0,0.0,0.0,,,01:14:00,,,NaN,NaN,NaN,NaN,NaN,NaN,NaN
,0.0,0.0,0,0,0.0,0.0,,,01:16:00,,,NaN,NaN,NaN,NaN,NaN,NaN,NaN
,0.0,0.0,0,0,0.0,0.0,,,01:18:00,,,NaN,NaN,NaN,NaN,NaN,NaN,NaN
,0.0,0.0,0,0,0.0,0.0,,,01:20:00,,,NaN,NaN,NaN,NaN,NaN,NaN,NaN
,0.0,0.0,0,0,0.0,0.0,,,01:22:00,,,NaN,NaN,NaN,NaN,NaN,NaN,NaN
,0.0,0.0,0,0,0.0,0.0,,,01:24:00,,,NaN,NaN,NaN,NaN,NaN,NaN,NaN
,0.0,0.0,0,0,0.0,0.0,,,01:26:00,,,NaN,NaN,NaN,NaN,NaN,NaN,NaN
,0.0,0.0,0,0,0.0,0.0,,,01:28:00,,,NaN,NaN,NaN,NaN,NaN,NaN,NaN
,0.0,0.0,0,0,0.0,0.0,,,01:30:00,,,NaN,NaN,NaN,NaN,NaN,NaN,NaN
,0.0,0.0,0,0,0.0,0.0,,,01:32:00,,,NaN,NaN,NaN,NaN,NaN,NaN,NaN
,0.0,0.0,0,0,0.0,0.0,,,01:34:00,,,NaN,NaN,NaN,NaN,NaN,NaN,NaN
,0.0,0.0,0,0,0.0,0.0,,,01:36:00,,,NaN,NaN,NaN,NaN,NaN,NaN,NaN
,0.0,0.0,0,0,0.0,0.0,,,01:38:00,,,NaN,NaN,NaN,NaN,NaN,NaN,NaN
,0.0,0.0,0,0,0.0,0.0,,,01:40:00,,,NaN,NaN,NaN,NaN,NaN,NaN,NaN
,0.0,0.0,0,0,0.0,0.0,,,01:42:00,,,NaN,NaN,NaN,NaN,NaN,NaN,NaN
,0.0,0.0,0,0,0.0,0.0,,,01:44:00,,,NaN,NaN,NaN,NaN,NaN,NaN,NaN
,0.0,0.0,0,0,0.0,0.0,,,01:46:00,,,NaN,NaN,NaN,NaN,NaN,NaN,NaN
,0.0,0.0,0,0,0.0,0.0,,,01:48:00,,,NaN,NaN,NaN,NaN,NaN,NaN,NaN
,0.0,0.0,0,0,0.0,0.0,,,01:50:00,,,NaN,NaN,NaN,NaN,NaN,NaN,NaN
,0.0,0.0,0,0,0.0,0.0,,,01:52:00,,,NaN,NaN,NaN,NaN,NaN,NaN,NaN
,0.0,0.0,0,0,0.0,0.0,,,01:54:00,,,NaN,NaN,NaN,NaN,NaN,NaN,NaN
,0.0,0.0,0,0,0.0,0.0,,,01:56:00,,,NaN,NaN,NaN,NaN,NaN,NaN,NaN
,0.0,0.0,0,0,0.0,0.0,,,01:58:00,,,NaN,NaN,NaN,NaN,NaN,NaN,NaN
,0.0,0.0,0,0,0.0,0.0,,,02:00:00,,,NaN,NaN,NaN,NaN,NaN,NaN,NaN
,0.0,0.0,0,0,0.0,0.0,,,02:02:00,,,NaN,NaN,NaN,NaN,NaN,NaN,NaN
,0.0,0.0,0,0,0.0,0.0,,,02:04:00,,,NaN,NaN,NaN,NaN,NaN,NaN,NaN
,0.0,0.0,0,0,0.0,0.0,,,02:06:00,,,NaN,NaN,NaN,NaN,NaN,NaN,NaN
,0.0,0.0,0,0,0.0,0.0,,,02:08:00,,,NaN,NaN,NaN,NaN,NaN,NaN,NaN
,0.0,0.0,0,0,0.0,0.0,,,02:10:00,,,NaN,NaN,NaN,NaN,NaN,NaN,NaN
,0.0,0.0,0,0,0.0,0.0,,,02:12:00,,,NaN,NaN,NaN,NaN,NaN,NaN,NaN
,0.0,0.0,0,0,0.0,0.0,,,02:14:00,,,NaN,NaN,NaN,NaN,NaN,NaN,NaN
,0.0,0.0,0,0,0.0,0.0,,,02:16:00,,,NaN,NaN,NaN,NaN,NaN,NaN,NaN
,0.0,0.0,0,0,0.0,0.0,,,02:18:00,,,NaN,NaN,NaN,NaN,NaN,NaN,NaN
,0.0,0.0,0,0,0.0,0.0,,,02:20:00,,,NaN,NaN,NaN,NaN,NaN,NaN,NaN
,0.0,0.0,0,0,0.0,0.0,,,02:22:00,,,NaN,NaN,NaN,NaN,NaN,NaN,NaN
,0.0,0.0,0,0,0.0,0.0,,,02:24:00,,,NaN,NaN,NaN,NaN,NaN,NaN,NaN
,0.0,0.0,0,0,0.0,0.0,,,02:26:00,,,NaN,NaN,NaN,NaN,NaN,NaN,NaN
,0.0,0.0,0,0,0.0,0.0,,,02:28:00,,,NaN,NaN,NaN,NaN,NaN,NaN,NaN
,0.0,0.0,0,0,0.0,0.0,,,02:30:00,,,NaN,NaN,NaN,NaN,NaN,NaN,NaN
,0.0,0.0,0,0,0.0,0.0,,,02:32:00,,,NaN,NaN,NaN,NaN,NaN,NaN,NaN
,0.0,0.0,0,0,0.0,0.0,,,02:34:00,,,NaN,NaN,NaN,NaN,NaN,NaN,NaN
,0.0,0.0,0,0,0.0,0.0,,,02:36:00,,,NaN,NaN,NaN,NaN,NaN,NaN,NaN
,0.0,0.0,0,0,0.0,0.0,,,02:38:00,,,NaN,NaN,NaN,NaN,NaN,NaN,NaN
,0.0,0.0,0,0,0.0,0.0,,,02:40:00,,,NaN,NaN,NaN,NaN,NaN,NaN,NaN
,0.0,0.0,0,0,0.0,0.0,,,02:42:00,,,NaN,NaN,NaN,NaN,NaN,NaN,NaN
,0.0,0.0,0,0,0.0,0.0,,,02:44:00,,,NaN,NaN,NaN,NaN,NaN,NaN,NaN
,0.0,0.0,0,0,0.0,0.0,,,02:46:00,,,NaN,NaN,NaN,NaN,NaN,NaN,NaN
,0.0,0.0,0,0,0.0,0.0,,,02:48:00,,,NaN,NaN,NaN,NaN,NaN,NaN,NaN
,0.0,0.0,0,0,0.0,0.0,,,02:50:00,,,NaN,NaN,NaN,NaN,NaN,NaN,NaN
,0.0,0.0,0,0,0.0,0.0,,,02:52:00,,,NaN,NaN,NaN,NaN,NaN,NaN,NaN
,0.0,0.0,0,0,0.0,0.0,,,02:54:00,,,NaN,NaN,NaN,NaN,NaN,NaN,NaN
,0.0,0.0,0,0,0.0,0.0,,,02:56:00,,,NaN,NaN,NaN,NaN,NaN,NaN,NaN
,0.0,0.0,0,0,0.0,0.0,,,02:58:00,,,NaN,NaN,NaN,NaN,NaN,NaN,NaN
,0.0,0.0,0,0,0.0,0.0,,,03:00:00,,,NaN,NaN,NaN,NaN,NaN,NaN,NaN
,0.0,0.0,0,0,0.0,0.0,,,03:02:00,,,NaN,NaN,NaN,NaN,NaN,NaN,NaN
,0.0,0.0,0,0,0.0,0.0,,,03:04:00,,,NaN,NaN,NaN,NaN,NaN,NaN,NaN
,0.0,0.0,0,0,0.0,0.0,,,03:06:00,,,NaN,NaN,NaN,NaN,NaN,NaN,NaN
,0.0,0.0,0,0,0.0,0.0,,,03:08:00,,,NaN,NaN,NaN,NaN,NaN,NaN,NaN
,0.0,0.0,0,0,0.0,0.0,,,03:10:00,,,NaN,NaN,NaN,NaN,NaN,NaN,NaN
,0.0,0.0,0,0,0.0,0.0,,,03:12:00,,,NaN,NaN,NaN,NaN,NaN,NaN,NaN
,0.0,0.0,0,0,0.0,0.0,,,03:14:00,,,NaN,NaN,NaN,NaN,NaN,NaN,NaN
,0.0,0.0,0,0,0.0,0.0,,,03:16:00,,,NaN,NaN,NaN,NaN,NaN,NaN,NaN
,0.0,0.0,0,0,0.0,0.0,,,03:18:00,,,NaN,NaN,NaN,NaN,NaN,NaN,NaN
,0.0,0.0,0,0,0.0,0.0,,,03:20:00,,,NaN,NaN,NaN,NaN,NaN,NaN,NaN
,0.0,0.0,0,0,0.0,0.0,,,03:22:00,,,NaN,NaN,NaN,NaN,NaN,NaN,NaN
,0.0,0.0,0,0,0.0,0.0,,,03:24:00,,,NaN,NaN,NaN,NaN,NaN,NaN,NaN
,0.0,0.0,0,0,0.0,0.0,,,03:26:00,,,NaN,NaN,NaN,NaN,NaN,NaN,NaN
,0.0,0.0,0,0,0.0,0.0,,,03:28:00,,,NaN,NaN,NaN,NaN,NaN,NaN,NaN
,0.0,0.0,0,0,0.0,0.0,,,03:30:00,,,NaN,NaN,NaN,NaN,NaN,NaN,NaN
,0.0,0.0,0,0,0.0,0.0,,,03:32:00,,,NaN,NaN,NaN,NaN,NaN,NaN,NaN
,0.0,0.0,0,0,0.0,0.0,,,03:34:00,,,NaN,NaN,NaN,NaN,NaN,NaN,NaN
,0.0,0.0,0,0,0.0,0.0,,,03:36:00,,,NaN,NaN,NaN,NaN,NaN,NaN,NaN
,0.0,0.0,0,0,0.0,0.0,,,03:38:00,,,NaN,NaN,NaN,NaN,NaN,NaN,NaN
,0.0,0.0,0,0,0.0,0.0,,,03:40:00,,,NaN,NaN,NaN,NaN,NaN,NaN,NaN
,0.0,0.0,0,0,0.0,0.0,,,03:42:00,,,NaN,NaN,NaN,NaN,NaN,NaN,NaN
,0.0,0.0,0,0,0.0,0.0,,,03:44:00,,,NaN,NaN,NaN,NaN,NaN,NaN,NaN
,0.0,0.0,0,0,0.0,0.0,,,03:46:00,,,NaN,NaN,NaN,NaN,NaN,NaN,NaN
,0.0,0.0,0,0,0.0,0.0,,,03:48:00,,,NaN,NaN,NaN,NaN,NaN,NaN,NaN
,0.0,0.0,0,0,0.0,0.0,,,03:50:00,,,NaN,NaN,NaN,NaN,NaN,NaN,NaN
,0.0,0.0,0,0,0.0,0.0,,,03:52:00,,,NaN,NaN,NaN,NaN,NaN,NaN,NaN
,0.0,0.0,0,0,0.0,0.0,,,03:54:00,,,NaN,NaN,NaN,NaN,NaN,NaN,NaN
,0.0,0.0,0,0,0.0,0.0,,,03:56:00,,,NaN,NaN,NaN,NaN,NaN,NaN,NaN
,0.0,0.0,0,0,0.0,0.0,,,03:58:00,,,NaN,NaN,NaN,NaN,NaN,NaN,NaN
,0.0,0.0,0,0,0.0,0.0,,,04:00:00,,,NaN,NaN,NaN,NaN,NaN,NaN,NaN
,0.0,0.0,0,0,0.0,0.0,,,04:02:00,,,NaN,NaN,NaN,NaN,NaN,NaN,NaN
,0.0,0.0,0,0,0.0,0.0,,,04:04:00,,,NaN,NaN,NaN,NaN,NaN,NaN,NaN
,0.0,0.0,0,0,0.0,0.0,,,04:06:00,,,NaN,NaN,NaN,NaN,NaN,NaN,NaN
,0.0,0.0,0,0,0.0,0.0,,,04:08:00,,,NaN,NaN,NaN,NaN,NaN,NaN,NaN
,0.0,0.0,0,0,0.0,0.0,,,04:10:00,,,NaN,NaN,NaN,NaN,NaN,NaN,NaN
,0.0,0.0,0,0,0.0,0.0,,,04:12:00,,,NaN,NaN,NaN,NaN,NaN,NaN,NaN
,0.0,0.0,0,0,0.0,0.0,,,04:14:00,,,NaN,NaN,NaN,NaN,NaN,NaN,NaN
,0.0,0.0,0,0,0.0,0.0,,,04:16:00,,,NaN,NaN,NaN,NaN,NaN,NaN,NaN
,0.0,0.0,0,0,0.0,0.0,,,04:18:00,,,NaN,NaN,NaN,NaN,NaN,NaN,NaN
,0.0,0.0,0,0,0.0,0.0,,,04:20:00,,,NaN,NaN,NaN,NaN,NaN,NaN,NaN
,0.0,0.0,0,0,0.0,0.0,,,04:22:00,,,NaN,NaN,NaN,NaN,NaN,NaN,NaN
,0.0,0.0,0,0,0.0,0.0,,,04:24:00,,,NaN,NaN,NaN,NaN,NaN,NaN,NaN
,0.0,0.0,0,0,0.0,0.0,,,04:26:00,,,NaN,NaN,NaN,NaN,NaN,NaN,NaN
,0.0,0.0,0,0,0.0,0.0,,,04:28:00,,,NaN,NaN,NaN,NaN,NaN,NaN,NaN
,0.0,0.0,0,0,0.0,0.0,,,04:30:00,,,NaN,NaN,NaN,NaN,NaN,NaN,NaN
,0.0,0.0,0,0,0.0,0.0,,,04:32:00,,,NaN,NaN,NaN,NaN,NaN,NaN,NaN
,0.0,0.0,0,0,0.0,0.0,,,04:34:00,,,NaN,NaN,NaN,NaN,NaN,NaN,NaN
,0.0,0.0,0,0,0.0,0.0,,,04:36:00,,,NaN,NaN,NaN,NaN,NaN,NaN,NaN
,0.0,0.0,0,0,0.0,0.0,,,04:38:00,,,NaN,NaN,NaN,NaN,NaN,NaN,NaN
,0.0,0.0,0,0,0.0,0.0,,,04:40:00,,,NaN,NaN,NaN,NaN,NaN,NaN,NaN
,0.0,0.0,0,0,0.0,0.0,,,04:42:00,,,NaN,NaN,NaN,NaN,NaN,NaN,NaN
,0.0,0.0,0,0,0.0,0.0,,,04:44:00,,,NaN,NaN,NaN,NaN,NaN,NaN,NaN
,0.0,0.0,0,0,0.0,0.0,,,04:46:00,,,NaN,NaN,NaN,NaN,NaN,NaN,NaN
,0.0,0.0,0,0,0.0,0.0,,,04:48:00,,,NaN,NaN,NaN,NaN,NaN,NaN,NaN
,0.0,0.0,0,0,0.0,0.0,,,04:50:00,,,NaN,NaN,NaN,NaN,NaN,NaN,NaN
,0.0,0.0,0,0,0.0,0.0,,,04:52:00,,,NaN,NaN,NaN,NaN,NaN,NaN,NaN
,0.0,0.0,0,0,0.0,0.0,,,04:54:00,,,NaN,NaN,NaN,NaN,NaN,NaN,NaN
,0.0,0.0,0,0,0.0,0.0,,,04:56:00,,,NaN,NaN,NaN,NaN,NaN,NaN,NaN
,0.0,0.0,0,0,0.0,0.0,,,04:58:00,,,NaN,NaN,NaN,NaN,NaN,NaN,NaN
,0.0,0.0,0,0,0.0,0.0,,,05:00:00,,,NaN,NaN,NaN,NaN,NaN,NaN,NaN
,0.0,0.0,0,0,0.0,0.0,,,05:02:00,,,NaN,NaN,NaN,NaN,NaN,NaN,NaN
,0.0,0.0,0,0,0.0,0.0,,,05:04:00,,,NaN,NaN,NaN,NaN,NaN,NaN,NaN
,0.0,0.0,0,0,0.0,0.0,,,05:06:00,,,NaN,NaN,NaN,NaN,NaN,NaN,NaN
,0.0,0.0,0,0,0.0,0.0,,,05:08:00,,,NaN,NaN,NaN,NaN,NaN,NaN,NaN
,0.0,0.0,0,0,0.0,0.0,,,05:10:00,,,NaN,NaN,NaN,NaN,NaN,NaN,NaN
,0.0,0.0,0,0,0.0,0.0,,,05:12:00,,,NaN,NaN,NaN,NaN,NaN,NaN,NaN
,0.0,0.0,0,0,0.0,0.0,,,05:14:00,,,NaN,NaN,NaN,NaN,NaN,NaN,NaN
,0.0,0.0,0,0,0.0,0.0,,,05:16:00,,,NaN,NaN,NaN,NaN,NaN,NaN,NaN
,0.0,0.0,0,0,0.0,0.0,,,05:18:00,,,NaN,NaN,NaN,NaN,NaN,NaN,NaN
,0.0,0.0,0,0,0.0,0.0,,,05:20:00,,,NaN,NaN,NaN,NaN,NaN,NaN,NaN
,0.0,0.0,0,0,0.0,0.0,,,05:22:00,,,NaN,NaN,NaN,NaN,NaN,NaN,NaN
,0.0,0.0,0,0,0.0,0.0,,,05:24:00,,,NaN,NaN,NaN,NaN,NaN,NaN,NaN
,0.0,0.0,0,0,0.0,0.0,,,05:26:00,,,NaN,NaN,NaN,NaN,NaN,NaN,NaN
,0.0,0.0,0,0,0.0,0.0,,,05:28:00,,,NaN,NaN,NaN,NaN,NaN,NaN,NaN
,0.0,0.0,0,0,0.0,0.0,,,05:30:00,,,NaN,NaN,NaN,NaN,NaN,NaN,NaN
,0.0,0.0,0,0,0.0,0.0,,,05:32:00,,,NaN,NaN,NaN,NaN,NaN,NaN,NaN
,0.0,0.0,0,0,0.0,0.0,,,05:34:00,,,NaN,NaN,NaN,NaN,NaN,NaN,NaN
,0.0,0.0,0,0,0.0,0.0,,,05:36:00,,,NaN,NaN,NaN,NaN,NaN,NaN,NaN
,0.0,0.0,0,0,0.0,0.0,,,05:38:00,,,NaN,NaN,NaN,NaN,NaN,NaN,NaN
,0.0,0.0,0,0,0.0,0.0,,,05:40:00,,,NaN,NaN,NaN,NaN,NaN,NaN,NaN
,0.0,0.0,0,0,0.0,0.0,,,05:42:00,,,NaN,NaN,NaN,NaN,NaN,NaN,NaN
,0.0,0.0,0,0,0.0,0.0,,,05:44:00,,,NaN,NaN,NaN,NaN,NaN,NaN,NaN
,0.0,0.0,0,0,0.0,0.0,,,05:46:00,,,NaN,NaN,NaN,NaN,NaN,NaN,NaN
,0.0,0.0,0,0,0.0,0.0,,,05:48:00,,,NaN,NaN,NaN,NaN,NaN,NaN,NaN
,0.0,0.0,0,0,0.0,0.0,,,05:50:00,,,NaN,NaN,NaN,NaN,NaN,NaN,NaN
,0.0,0.0,0,0,0.0,0.0,,,05:52:00,,,NaN,NaN,NaN,NaN,NaN,NaN,NaN
,0.0,0.0,0,0,0.0,0.0,,,05:54:00,,,NaN,NaN,NaN,NaN,NaN,NaN,NaN
,0.0,0.0,0,0,0.0,0.0,,,05:56:00,,,NaN,NaN,NaN,NaN,NaN,NaN,NaN
,0.0,0.0,0,0,0.0,0.0,,,05:58:00,,,NaN,NaN,NaN,NaN,NaN,NaN,NaN
,0.0,0.0,0,0,0.0,0.0,,,06:00:00,,,NaN,NaN,NaN,NaN,NaN,NaN,NaN
,0.0,0.0,0,0,0.0,0.0,,,06:02:00,,,NaN,NaN,NaN,NaN,NaN,NaN,NaN
,0.0,0.0,0,0,0.0,0.0,,,06:04:00,,,NaN,NaN,NaN,NaN,NaN,NaN,NaN
,0.0,0.0,0,0,0.0,0.0,,,06:06:00,,,NaN,NaN,NaN,NaN,NaN,NaN,NaN
,0.0,0.0,0,0,0.0,0.0,,,06:08:00,,,NaN,NaN,NaN,NaN,NaN,NaN,NaN
,0.0,0.0,0,0,0.0,0.0,,,06:10:00,,,NaN,NaN,NaN,NaN,NaN,NaN,NaN
,0.0,0.0,0,0,0.0,0.0,,,06:12:00,,,NaN,NaN,NaN,NaN,NaN,NaN,NaN
,0.0,0.0,0,0,0.0,0.0,,,06:14:00,,,NaN,NaN,NaN,NaN,NaN,NaN,NaN
,0.0,0.0,0,0,0.0,0.0,,,06:16:00,,,NaN,NaN,NaN,NaN,NaN,NaN,NaN
,0.0,0.0,0,0,0.0,0.0,,,06:18:00,,,NaN,NaN,NaN,NaN,NaN,NaN,NaN
,0.0,0.0,0,0,0.0,0.0,,,06:20:00,,,NaN,NaN,NaN,NaN,NaN,NaN,NaN
,0.0,0.0,0,0,0.0,0.0,,,06:22:00,,,NaN,NaN,NaN,NaN,NaN,NaN,NaN
,0.0,0.0,0,0,0.0,0.0,,,06:24:00,,,NaN,NaN,NaN,NaN,NaN,NaN,NaN
,0.0,0.0,0,0,0.0,0.0,,,06:26:00,,,NaN,NaN,NaN,NaN,NaN,NaN,NaN
,0.0,0.0,0,0,0.0,0.0,,,06:28:00,,,NaN,NaN,NaN,NaN,NaN,NaN,NaN
,0.0,0.0,0,0,0.0,0.0,,,06:30:00,,,NaN,NaN,NaN,NaN,NaN,NaN,NaN
,0.0,0.0,0,0,0.0,0.0,,,06:32:00,,,NaN,NaN,NaN,NaN,NaN,NaN,NaN
,0.0,0.0,0,0,0.0,0.0,,,06:34:00,,,NaN,NaN,NaN,NaN,NaN,NaN,NaN
,0.0,0.0,0,0,0.0,0.0,,,06:36:00,,,NaN,NaN,NaN,NaN,NaN,NaN,NaN
,0.0,0.0,0,0,0.0,0.0,,,06:38:00,,,NaN,NaN,NaN,NaN,NaN,NaN,NaN
,0.0,0.0,0,0,0.0,0.0,,,06:40:00,,,NaN,NaN,NaN,NaN,NaN,NaN,NaN
,0.0,0.0,0,0,0.0,0.0,,,06:42:00,,,NaN,NaN,NaN,NaN,NaN,NaN,NaN
,0.0,0.0,0,0,0.0,0.0,,,06:44:00,,,NaN,NaN,NaN,NaN,NaN,NaN,NaN
,0.0,0.0,0,0,0.0,0.0,,,06:46:00,,,NaN,NaN,NaN,NaN,NaN,NaN,NaN
,0.0,0.0,0,0,0.0,0.0,,,06:48:00,,,NaN,NaN,NaN,NaN,NaN,NaN,NaN
,0.0,0.0,0,0,0.0,0.0,,,06:50:00,,,NaN,NaN,NaN,NaN,NaN,NaN,NaN
,0.0,0.0,0,0,0.0,0.0,,,06:52:00,,,NaN,NaN,NaN,NaN,NaN,NaN,NaN
,0.0,0.0,0,0,0.0,0.0,,,06:54:00,,,NaN,NaN,NaN,NaN,NaN,NaN,NaN
,0.0,0.0,0,0,0.0,0.0,,,06:56:00,,,NaN,NaN,NaN,NaN,NaN,NaN,NaN
,0.0,0.0,0,0,0.0,0.0,,,06:58:00,,,NaN,NaN,NaN,NaN,NaN,NaN,NaN
,0.0,0.0,0,0,0.0,0.0,,,07:00:00,,,NaN,NaN,NaN,NaN,NaN,NaN,NaN
,0.0,0.0,0,0,0.0,0.0,,,07:02:00,,,NaN,NaN,NaN,NaN,NaN,NaN,NaN
,0.0,0.0,0,0,0.0,0.0,,,07:04:00,,,NaN,NaN,NaN,NaN,NaN,NaN,NaN
,0.0,0.0,0,0,0.0,0.0,,,07:06:00,,,NaN,NaN,NaN,NaN,NaN,NaN,NaN
,0.0,0.0,0,0,0.0,0.0,,,07:08:00,,,NaN,NaN,NaN,NaN,NaN,NaN,NaN
,0.0,0.0,0,0,0.0,0.0,,,07:10:00,,,NaN,NaN,NaN,NaN,NaN,NaN,NaN
,0.0,0.0,0,0,0.0,0.0,,,07:12:00,,,NaN,NaN,NaN,NaN,NaN,NaN,NaN
,0.0,0.0,0,0,0.0,0.0,,,07:14:00,,,NaN,NaN,NaN,NaN,NaN,NaN,NaN
,0.0,0.0,0,0,0.0,0.0,,,07:16:00,,,NaN,NaN,NaN,NaN,NaN,NaN,NaN
,0.0,0.0,0,0,0.0,0.0,,,07:18:00,,,NaN,NaN,NaN,NaN,NaN,NaN,NaN
,0.0,0.0,0,0,0.0,0.0,,,07:20:00,,,NaN,NaN,NaN,NaN,NaN,NaN,NaN
,0.0,0.0,0,0,0.0,0.0,,,07:22:00,,,NaN,NaN,NaN,NaN,NaN,NaN,NaN
,0.0,0.0,0,0,0.0,0.0,,,07:24:00,,,NaN,NaN,NaN,NaN,NaN,NaN,NaN
,0.0,0.0,0,0,0.0,0.0,,,07:26:00,,,NaN,NaN,NaN,NaN,NaN,NaN,NaN
,0.0,0.0,0,0,0.0,0.0,,,07:28:00,,,NaN,NaN,NaN,NaN,NaN,NaN,NaN
,0.0,0.0,0,0,0.0,0.0,,,07:30:00,,,NaN,NaN,NaN,NaN,NaN,NaN,NaN
,0.0,0.0,0,0,0.0,0.0,,,07:32:00,,,NaN,NaN,NaN,NaN,NaN,NaN,NaN
,0.0,0.0,0,0,0.0,0.0,,,07:34:00,,,NaN,NaN,NaN,NaN,NaN,NaN,NaN
,0.0,0.0,0,0,0.0,0.0,,,07:36:00,,,NaN,NaN,NaN,NaN,NaN,NaN,NaN
,0.0,0.0,0,0,0.0,0.0,,,07:38:00,,,NaN,NaN,NaN,NaN,NaN,NaN,NaN
,0.0,0.0,0,0,0.0,0.0,,,07:40:00,,,NaN,NaN,NaN,NaN,NaN,NaN,NaN
,0.0,0.0,0,0,0.0,0.0,,,07:42:00,,,NaN,NaN,NaN,NaN,NaN,NaN,NaN
,0.0,0.0,0,0,0.0,0.0,,,07:44:00,,,NaN,NaN,NaN,NaN,NaN,NaN,NaN
,0.0,0.0,0,0,0.0,0.0,,,07:46:00,,,NaN,NaN,NaN,NaN,NaN,NaN,NaN
,0.0,0.0,0,0,0.0,0.0,,,07:48:00,,,NaN,NaN,NaN,NaN,NaN,NaN,NaN
,0.0,0.0,0,0,0.0,0.0,,,07:50:00,,,NaN,NaN,NaN,NaN,NaN,NaN,NaN
,0.0,0.0,0,0,0.0,0.0,,,07:52:00,,,NaN,NaN,NaN,NaN,NaN,NaN,NaN
,0.0,0.0,0,0,0.0,0.0,,,07:54:00,,,NaN,NaN,NaN,NaN,NaN,NaN,NaN
,0.0,0.0,0,0,0.0,0.0,,,07:56:00,,,NaN,NaN,NaN,NaN,NaN,NaN,NaN
,0.0,0.0,0,0,0.0,0.0,,,07:58:00,,,NaN,NaN,NaN,NaN,NaN,NaN,NaN
,0.0,0.0,0,0,0.0,0.0,,,08:00:00,,,NaN,NaN,NaN,NaN,NaN,NaN,NaN
,0.0,0.0,0,0,0.0,0.0,,,08:02:00,,,NaN,NaN,NaN,NaN,NaN,NaN,NaN
,0.0,0.0,0,0,0.0,0.0,,,08:04:00,,,NaN,NaN,NaN,NaN,NaN,NaN,NaN
,0.0,0.0,0,0,0.0,0.0,,,08:06:00,,,NaN,NaN,NaN,NaN,NaN,NaN,NaN
,0.0,0.0,0,0,0.0,0.0,,,08:08:00,,,NaN,NaN,NaN,NaN,NaN,NaN,NaN
,0.0,0.0,0,0,0.0,0.0,,,08:10:00,,,NaN,NaN,NaN,NaN,NaN,NaN,NaN
,0.0,0.0,0,0,0.0,0.0,,,08:12:00,,,NaN,NaN,NaN,NaN,NaN,NaN,NaN
,0.0,0.0,0,0,0.0,0.0,,,08:14:00,,,NaN,NaN,NaN,NaN,NaN,NaN,NaN
,0.0,0.0,0,0,0.0,0.0,,,08:16:00,,,NaN,NaN,NaN,NaN,NaN,NaN,NaN
,0.0,0.0,0,0,0.0,0.0,,,08:18:00,,,NaN,NaN,NaN,NaN,NaN,NaN,NaN
,0.0,0.0,0,0,0.0,0.0,,,08:20:00,,,NaN,NaN,NaN,NaN,NaN,NaN,NaN
,0.0,0.0,0,0,0.0,0.0,,,08:22:00,,,NaN,NaN,NaN,NaN,NaN,NaN,NaN
,0.0,0.0,0,0,0.0,0.0,,,08:24:00,,,NaN,NaN,NaN,NaN,NaN,NaN,NaN
,0.0,0.0,0,0,0.0,0.0,,,08:26:00,,,NaN,NaN,NaN,NaN,NaN,NaN,NaN
,0.0,0.0,0,0,0.0,0.0,,,08:28:00,,,NaN,NaN,NaN,NaN,NaN,NaN,NaN
,0.0,0.0,0,0,0.0,0.0,,,08:30:00,,,NaN,NaN,NaN,NaN,NaN,NaN,NaN
,0.0,0.0,0,0,0.0,0.0,,,08:32:00,,,NaN,NaN,NaN,NaN,NaN,NaN,NaN
,0.0,0.0,0,0,0.0,0.0,,,08:34:00,,,NaN,NaN,NaN,NaN,NaN,NaN,NaN
,0.0,0.0,0,0,0.0,0.0,,,08:36:00,,,NaN,NaN,NaN,NaN,NaN,NaN,NaN
,0.0,0.0,0,0,0.0,0.0,,,08:38:00,,,NaN,NaN,NaN,NaN,NaN,NaN,NaN
,0.0,0.0,0,0,0.0,0.0,,,08:40:00,,,NaN,NaN,NaN,NaN,NaN,NaN,NaN
,0.0,0.0,0,0,0.0,0.0,,,08:42:00,,,NaN,NaN,NaN,NaN,NaN,NaN,NaN
,0.0,0.0,0,0,0.0,0.0,,,08:44:00,,,NaN,NaN,NaN,NaN,NaN,NaN,NaN
,0.0,0.0,0,0,0.0,0.0,,,08:46:00,,,NaN,NaN,NaN,NaN,NaN,NaN,NaN
,0.0,0.0,0,0,0.0,0.0,,,08:48:00,,,NaN,NaN,NaN,NaN,NaN,NaN,NaN
,0.0,0.0,0,0,0.0,0.0,,,08:50:00,,,NaN,NaN,NaN,NaN,NaN,NaN,NaN
,0.0,0.0,0,0,0.0,0.0,,,08:52:00,,,NaN,NaN,NaN,NaN,NaN,NaN,NaN
,0.0,0.0,0,0,0.0,0.0,,,08:54:00,,,NaN,NaN,NaN,NaN,NaN,NaN,NaN
,0.0,0.0,0,0,0.0,0.0,,,08:56:00,,,NaN,NaN,NaN,NaN,NaN,NaN,NaN
,0.0,0.0,0,0,0.0,0.0,,,08:58:00,,,NaN,NaN,NaN,NaN,NaN,NaN,NaN
,0.0,0.0,0,0,0.0,0.0,,,09:00:00,,,NaN,NaN,NaN,NaN,NaN,NaN,NaN
,0.0,0.0,0,0,0.0,0.0,,,09:02:00,,,NaN,NaN,NaN,NaN,NaN,NaN,NaN
,0.0,0.0,0,0,0.0,0.0,,,09:04:00,,,NaN,NaN,NaN,NaN,NaN,NaN,NaN
,0.0,0.0,0,0,0.0,0.0,,,09:06:00,,,NaN,NaN,NaN,NaN,NaN,NaN,NaN
,0.0,0.0,0,0,0.0,0.0,,,09:08:00,,,NaN,NaN,NaN,NaN,NaN,NaN,NaN
,0.0,0.0,0,0,0.0,0.0,,,09:10:00,,,NaN,NaN,NaN,NaN,NaN,NaN,NaN
,0.0,0.0,0,0,0.0,0.0,,,09:12:00,,,NaN,NaN,NaN,NaN,NaN,NaN,NaN
,0.0,0.0,0,0,0.0,0.0,,,09:14:00,,,NaN,NaN,NaN,NaN,NaN,NaN,NaN
,0.0,0.0,0,0,0.0,0.0,,,09:16:00,,,NaN,NaN,NaN,NaN,NaN,NaN,NaN
,0.0,0.0,0,0,0.0,0.0,,,09:18:00,,,NaN,NaN,NaN,NaN,NaN,NaN,NaN
,0.0,0.0,0,0,0.0,0.0,,,09:20:00,,,NaN,NaN,NaN,NaN,NaN,NaN,NaN
,0.0,0.0,0,0,0.0,0.0,,,09:22:00,,,NaN,NaN,NaN,NaN,NaN,NaN,NaN
,0.0,0.0,0,0,0.0,0.0,,,09:24:00,,,NaN,NaN,NaN,NaN,NaN,NaN,NaN
,0.0,0.0,0,0,0.0,0.0,,,09:26:00,,,NaN,NaN,NaN,NaN,NaN,NaN,NaN
,0.0,0.0,0,0,0.0,0.0,,,09:28:00,,,NaN,NaN,NaN,NaN,NaN,NaN,NaN
,0.0,0.0,0,0,0.0,0.0,,,09:30:00,,,NaN,NaN,NaN,NaN,NaN,NaN,NaN
,0.0,0.0,0,0,0.0,0.0,,,09:32:00,,,NaN,NaN,NaN,NaN,NaN,NaN,NaN
,0.0,0.0,0,0,0.0,0.0,,,09:34:00,,,NaN,NaN,NaN,NaN,NaN,NaN,NaN
,0.0,0.0,0,0,0.0,0.0,,,09:36:00,,,NaN,NaN,NaN,NaN,NaN,NaN,NaN
,0.0,0.0,0,0,0.0,0.0,,,09:38:00,,,NaN,NaN,NaN,NaN,NaN,NaN,NaN
,0.0,0.0,0,0,0.0,0.0,,,09:40:00,,,NaN,NaN,NaN,NaN,NaN,NaN,NaN
,0.0,0.0,0,0,0.0,0.0,,,09:42:00,,,NaN,NaN,NaN,NaN,NaN,NaN,NaN
"[148.22295110169492, -27.866816644067804]",26.574,0.027,53,6,403.138,115.279,,,09:44:00,,,NaN,NaN,NaN,NaN,NaN,NaN,NaN
,0.0,0.0,0,0,0.0,0.0,,,09:46:00,,,NaN,NaN,NaN,NaN,NaN,NaN,NaN
,0.0,0.0,0,0,0.0,0.0,,,09:48:00,,,NaN,NaN,NaN,NaN,NaN,NaN,NaN
"[148.37493792857143, -27.926961142857145]",13.08,0.052,26,2,247.776,52.848,,,09:50:00,,,NaN,NaN,NaN,NaN,NaN,NaN,NaN
,0.0,0.0,0,0,0.0,0.0,,,09:52:00,,,NaN,NaN,NaN,NaN,NaN,NaN,NaN
,0.0,0.0,0,0,0.0,0.0,,,09:54:00,,,NaN,NaN,NaN,NaN,NaN,NaN,NaN
"[148.49038623809525, -28.07407742857142]",17.122,0.023,15,6,125.911,154.717,,,09:56:00,,,NaN,NaN,NaN,NaN,NaN,NaN,NaN
,0.0,0.0,0,0,0.0,0.0,,,09:58:00,,,NaN,NaN,NaN,NaN,NaN,NaN,NaN
,0.0,0.0,0,0,0.0,0.0,,,10:00:00,,,NaN,NaN,NaN,NaN,NaN,NaN,NaN
,0.0,0.0,0,0,0.0,0.0,,,10:02:00,,,NaN,NaN,NaN,NaN,NaN,NaN,NaN
,0.0,0.0,0,0,0.0,0.0,,,10:04:00,,,NaN,NaN,NaN,NaN,NaN,NaN,NaN
,0.0,0.0,0,0,0.0,0.0,,,10:06:00,,,NaN,NaN,NaN,NaN,NaN,NaN,NaN
,0.0,0.0,0,0,0.0,0.0,,,10:08:00,,,NaN,NaN,NaN,NaN,NaN,NaN,NaN
,0.0,0.0,0,0,0.0,0.0,,,10:10:00,,,NaN,NaN,NaN,NaN,NaN,NaN,NaN
,0.0,0.0,0,0,0.0,0.0,,,10:12:00,,,NaN,NaN,NaN,NaN,NaN,NaN,NaN
,0.0,0.0,0,0,0.0,0.0,,,10:14:00,,,NaN,NaN,NaN,NaN,NaN,NaN,NaN
,0.0,0.0,0,0,0.0,0.0,,,10:16:00,,,NaN,NaN,NaN,NaN,NaN,NaN,NaN
,0.0,0.0,0,0,0.0,0.0,,,10:18:00,,,NaN,NaN,NaN,NaN,NaN,NaN,NaN
,0.0,0.0,0,0,0.0,0.0,,,10:20:00,,,NaN,NaN,NaN,NaN,NaN,NaN,NaN
,0.0,0.0,0,0,0.0,0.0,,,10:22:00,,,NaN,NaN,NaN,NaN,NaN,NaN,NaN
,0.0,0.0,0,0,0.0,0.0,,,10:24:00,,,NaN,NaN,NaN,NaN,NaN,NaN,NaN
,0.0,0.0,0,0,0.0,0.0,,,10:26:00,,,NaN,NaN,NaN,NaN,NaN,NaN,NaN
,0.0,0.0,0,0,0.0,0.0,,,10:28:00,,,NaN,NaN,NaN,NaN,NaN,NaN,NaN
,0.0,0.0,0,0,0.0,0.0,,,10:30:00,,,NaN,NaN,NaN,NaN,NaN,NaN,NaN
,0.0,0.0,0,0,0.0,0.0,,,10:32:00,,,NaN,NaN,NaN,NaN,NaN,NaN,NaN
,0.0,0.0,0,0,0.0,0.0,,,10:34:00,,,NaN,NaN,NaN,NaN,NaN,NaN,NaN
,0.0,0.0,0,0,0.0,0.0,,,10:36:00,,,NaN,NaN,NaN,NaN,NaN,NaN,NaN
,0.0,0.0,0,0,0.0,0.0,,,10:38:00,,,NaN,NaN,NaN,NaN,NaN,NaN,NaN
,0.0,0.0,0,0,0.0,0.0,,,10:40:00,,,NaN,NaN,NaN,NaN,NaN,NaN,NaN
,0.0,0.0,0,0,0.0,0.0,,,10:42:00,,,NaN,NaN,NaN,NaN,NaN,NaN,NaN
,0.0,0.0,0,0,0.0,0.0,,,10:44:00,,,NaN,NaN,NaN,NaN,NaN,NaN,NaN
,0.0,0.0,0,0,0.0,0.0,,,10:46:00,,,NaN,NaN,NaN,NaN,NaN,NaN,NaN
,0.0,0.0,0,0,0.0,0.0,,,10:48:00,,,NaN,NaN,NaN,NaN,NaN,NaN,NaN
,0.0,0.0,0,0,0.0,0.0,,,10:50:00,,,NaN,NaN,NaN,NaN,NaN,NaN,NaN
,0.0,0.0,0,0,0.0,0.0,,,10:52:00,,,NaN,NaN,NaN,NaN,NaN,NaN,NaN
,0.0,0.0,0,0,0.0,0.0,,,10:54:00,,,NaN,NaN,NaN,NaN,NaN,NaN,NaN
,0.0,0.0,0,0,0.0,0.0,,,10:56:00,,,NaN,NaN,NaN,NaN,NaN,NaN,NaN
,0.0,0.0,0,0,0.0,0.0,,,10:58:00,,,NaN,NaN,NaN,NaN,NaN,NaN,NaN
,0.0,0.0,0,0,0.0,0.0,,,11:00:00,,,NaN,NaN,NaN,NaN,NaN,NaN,NaN
,0.0,0.0,0,0,0.0,0.0,,,11:02:00,,,NaN,NaN,NaN,NaN,NaN,NaN,NaN
,0.0,0.0,0,0,0.0,0.0,,,11:04:00,,,NaN,NaN,NaN,NaN,NaN,NaN,NaN
,0.0,0.0,0,0,0.0,0.0,,,11:06:00,,,NaN,NaN,NaN,NaN,NaN,NaN,NaN
,0.0,0.0,0,0,0.0,0.0,,,11:08:00,,,NaN,NaN,NaN,NaN,NaN,NaN,NaN
,0.0,0.0,0,0,0.0,0.0,,,11:10:00,,,NaN,NaN,NaN,NaN,NaN,NaN,NaN
,0.0,0.0,0,0,0.0,0.0,,,11:12:00,,,NaN,NaN,NaN,NaN,NaN,NaN,NaN
,0.0,0.0,0,0,0.0,0.0,,,11:14:00,,,NaN,NaN,NaN,NaN,NaN,NaN,NaN
,0.0,0.0,0,0,0.0,0.0,,,11:16:00,,,NaN,NaN,NaN,NaN,NaN,NaN,NaN
,0.0,0.0,0,0,0.0,0.0,,,11:18:00,,,NaN,NaN,NaN,NaN,NaN,NaN,NaN
,0.0,0.0,0,0,0.0,0.0,,,11:20:00,,,NaN,NaN,NaN,NaN,NaN,NaN,NaN
,0.0,0.0,0,0,0.0,0.0,,,11:22:00,,,NaN,NaN,NaN,NaN,NaN,NaN,NaN
,0.0,0.0,0,0,0.0,0.0,,,11:24:00,,,NaN,NaN,NaN,NaN,NaN,NaN,NaN
,0.0,0.0,0,0,0.0,0.0,,,11:26:00,,,NaN,NaN,NaN,NaN,NaN,NaN,NaN
,0.0,0.0,0,0,0.0,0.0,,,11:28:00,,,NaN,NaN,NaN,NaN,NaN,NaN,NaN
,0.0,0.0,0,0,0.0,0.0,,,11:30:00,,,NaN,NaN,NaN,NaN,NaN,NaN,NaN
,0.0,0.0,0,0,0.0,0.0,,,11:32:00,,,NaN,NaN,NaN,NaN,NaN,NaN,NaN
"[149.67206467857142, -28.065827964285713]",12.087,0.061,24,4,145.102,97.49,,,11:34:00,,,NaN,NaN,NaN,NaN,NaN,NaN,NaN
"[150.1873690534759, -28.89087583600714]",28.737,0.649,1606,77,7453.085,1548.295,Jump_0,132.16759,11:36:00,No_Radar,No_Radar,NaN,NaN,NaN,NaN,NaN,NaN,NaN
"[150.23077782387463, -28.90447204109586]",33.932,0.424,1485,48,6694.718,709.18,Jump_0,-0.2035,11:38:00,No_Radar,No_Radar,NaN,NaN,NaN,NaN,NaN,NaN,NaN
"[150.26423880759125, -28.919227904450253]",34.217,0.415,1461,67,6680.056,1074.204,Jump_0,-0.0066,11:40:00,No_Radar,No_Radar,NaN,NaN,NaN,NaN,NaN,NaN,NaN
"[150.24230988002356, -28.857412681442145]",31.66,0.537,1614,78,7169.078,1274.981,Jump_0,0.21649,11:42:00,No_Radar,No_Radar,NaN,NaN,NaN,NaN,NaN,NaN,NaN
"[150.25722317962104, -28.87025960156764]",31.268,0.498,1463,68,6738.14,1146.769,False,-0.21628,11:44:00,,,NaN,NaN,NaN,NaN,NaN,NaN,NaN
"[150.27453931561692, -28.88207529724407]",31.428,0.491,1480,44,6553.681,767.385,False,-0.00911,11:46:00,,,NaN,NaN,NaN,NaN,NaN,NaN,NaN
"[150.31535099558167, -28.89702540353459]",36.263,0.329,1317,41,5518.906,566.454,False,-1.25185,11:48:00,,,NaN,NaN,NaN,NaN,NaN,NaN,NaN
"[150.41930645087155, -28.977779830427885]",44.865,0.2,1213,49,5284.917,980.27,False,-0.70428,11:50:00,,,NaN,NaN,NaN,NaN,NaN,NaN,NaN
"[150.38490222735336, -28.926702825932534]",38.494,0.242,1073,53,4671.76,1028.225,False,-0.99,11:52:00,,,NaN,NaN,NaN,NaN,NaN,NaN,NaN
"[150.42604906646525, -28.94301919838876]",37.498,0.225,953,40,4071.565,720.889,False,-2.03019,11:54:00,,,NaN,NaN,NaN,NaN,NaN,NaN,NaN
"[150.4388348194014, -28.929933058823533]",36.971,0.226,911,58,3759.898,1125.97,False,-0.3904,11:56:00,,,NaN,NaN,NaN,NaN,NaN,NaN,NaN
"[150.4350601571429, -28.91122609047623]",37.465,0.238,998,52,3664.601,772.653,False,1.48331,11:58:00,,,NaN,NaN,NaN,NaN,NaN,NaN,NaN
"[150.4741949095745, -28.936192412765987]",38.566,0.201,904,36,3588.855,580.8,False,-1.20082,12:00:00,,,NaN,NaN,NaN,NaN,NaN,NaN,NaN
"[150.46835671231418, -28.906835878980868]",36.91,0.22,899,43,3673.047,761.419,False,0.02148,12:02:00,,,NaN,NaN,NaN,NaN,NaN,NaN,NaN
"[150.49802361845116, -28.92846392824603]",41.423,0.163,846,32,3390.065,748.977,False,-0.73706,12:04:00,,,NaN,NaN,NaN,NaN,NaN,NaN,NaN
"[150.52987271676315, -28.918885573410414]",42.035,0.156,832,33,2991.588,515.331,False,-0.18075,12:06:00,,,NaN,NaN,NaN,NaN,NaN,NaN,NaN
"[150.64120124148943, -29.027638814893585]",46.159,0.14,898,42,3453.212,837.241,False,1.04089,12:08:00,,,NaN,NaN,NaN,NaN,NaN,NaN,NaN
"[150.64133926450333, -28.99320123500494]",46.521,0.15,981,36,3639.113,490.29,False,1.10073,12:10:00,,,NaN,NaN,NaN,NaN,NaN,NaN,NaN
"[150.6029074179103, -28.91456050870647]",41.282,0.15,771,33,3192.968,615.584,False,-3.52112,12:12:00,,,NaN,NaN,NaN,NaN,NaN,NaN,NaN
"[150.58926059246562, -28.873038368721403]",43.648,0.146,831,45,3123.803,936.598,False,0.60115,12:14:00,,,NaN,NaN,NaN,NaN,NaN,NaN,NaN
"[150.59334022033892, -28.85253640920096]",41.671,0.151,799,27,3083.281,388.705,False,-0.40072,12:16:00,,,NaN,NaN,NaN,NaN,NaN,NaN,NaN
"[150.56716027353247, -28.80540989368774]",40.921,0.172,837,66,3364.23,949.308,False,0.6073,12:18:00,,,NaN,NaN,NaN,NaN,NaN,NaN,NaN
"[150.6224634480446, -28.83634096089387]",45.254,0.139,874,21,3586.376,332.711,False,-0.06293,12:20:00,,,NaN,NaN,NaN,NaN,NaN,NaN,NaN
"[150.6289538973162, -28.833254310385037]",41.825,0.156,819,38,3151.017,481.888,False,-0.32096,12:22:00,,,NaN,NaN,NaN,NaN,NaN,NaN,NaN
"[150.62404660218593, -28.796956568306012]",41.71,0.167,892,23,3485.708,399.523,False,0.96137,12:24:00,,,NaN,NaN,NaN,NaN,NaN,NaN,NaN
"[150.6157704811594, -28.765953840579705]",41.384,0.192,993,42,4026.907,588.679,Jump_1,2.1052,12:26:00,No_Radar,No_Radar,NaN,NaN,NaN,NaN,NaN,NaN,NaN
"[150.64558833300794, -28.811985700195276]",43.666,0.171,989,35,3813.087,450.448,Jump_1,-0.17145,12:28:00,No_Radar,No_Radar,NaN,NaN,NaN,NaN,NaN,NaN,NaN
"[150.67926046161432, -28.78681306791335]",40.129,0.201,974,42,3898.611,603.436,Jump_1,-0.12469,12:30:00,No_Radar,No_Radar,NaN,NaN,NaN,NaN,NaN,NaN,NaN
"[150.63937254820644, -28.738089571748866]",36.116,0.218,849,43,3382.935,607.993,Jump_1,-1.93274,12:32:00,No_Radar,No_Radar,NaN,NaN,NaN,NaN,NaN,NaN,NaN
"[150.66959309371143, -28.761115255240437]",40.623,0.156,766,45,3228.649,701.454,False,-0.8907,12:34:00,,,NaN,NaN,NaN,NaN,NaN,NaN,NaN
"[150.68601026310034, -28.769088954148472]",40.925,0.174,890,26,3667.635,433.35,False,1.13292,12:36:00,,,NaN,NaN,NaN,NaN,NaN,NaN,NaN
"[150.68636040449434, -28.731379483146075]",41.227,0.15,766,35,2949.198,562.88,False,-1.32099,12:38:00,,,NaN,NaN,NaN,NaN,NaN,NaN,NaN
"[150.6563240394575, -28.660797512946946]",41.671,0.149,780,31,2957.098,427.282,False,0.10497,12:40:00,,,NaN,NaN,NaN,NaN,NaN,NaN,NaN
"[150.6998782723928, -28.687950104294487]",44.503,0.131,769,46,2892.778,707.197,False,0.0411,12:42:00,,,NaN,NaN,NaN,NaN,NaN,NaN,NaN
"[150.67730709191184, -28.630157583333343]",41.227,0.153,764,52,2910.947,664.18,False,0.0116,12:44:00,,,NaN,NaN,NaN,NaN,NaN,NaN,NaN
"[150.72153564705877, -28.68186839261285]",43.784,0.121,685,46,2757.336,694.299,False,-1.08916,12:46:00,,,NaN,NaN,NaN,NaN,NaN,NaN,NaN
"[150.68852005616435, -28.604947202739694]",41.339,0.136,697,33,2646.498,339.75,False,-0.01707,12:48:00,,,NaN,NaN,NaN,NaN,NaN,NaN,NaN
"[150.6999681109642, -28.616807355350055]",39.425,0.155,716,41,2867.114,598.566,False,0.67846,12:50:00,,,NaN,NaN,NaN,NaN,NaN,NaN,NaN
"[150.72108084431989, -28.608433232819085]",41.696,0.131,658,55,2597.681,801.785,False,-1.02375,12:52:00,,,NaN,NaN,NaN,NaN,NaN,NaN,NaN
"[150.7479672562359, -28.61413051700679]",41.32,0.164,834,48,3017.71,739.203,Jump_2,3.82435,12:54:00,No_Radar,No_Radar,NaN,NaN,NaN,NaN,NaN,NaN,NaN
"[150.76652576984105, -28.613457977513228]",45.347,0.117,718,38,2751.46,585.142,Jump_2,-1.29992,12:56:00,No_Radar,No_Radar,NaN,NaN,NaN,NaN,NaN,NaN,NaN
"[150.7795155050799, -28.618604191581973]",42.798,0.12,637,52,2446.342,738.277,Jump_2,-0.61824,12:58:00,No_Radar,No_Radar,NaN,NaN,NaN,NaN,NaN,NaN,NaN
"[150.7847795861147, -28.5930635140187]",43.764,0.124,674,75,2363.871,1066.285,Jump_2,0.53005,13:00:00,No_Radar,No_Radar,NaN,NaN,NaN,NaN,NaN,NaN,NaN
"[150.78677686775637, -28.57406253343237]",41.864,0.122,650,23,2535.075,320.124,False,-0.6514,13:02:00,,,NaN,NaN,NaN,NaN,NaN,NaN,NaN
"[150.7786237694567, -28.540854374449317]",45.845,0.103,618,63,2351.665,833.904,False,0.06645,13:04:00,,,NaN,NaN,NaN,NaN,NaN,NaN,NaN
"[150.79446545407282, -28.54461629462739]",41.615,0.106,511,66,2017.401,1038.703,False,-1.41119,13:06:00,,,NaN,NaN,NaN,NaN,NaN,NaN,NaN
"[150.8220495475111, -28.54646829713425]",45.166,0.103,624,39,2235.104,536.722,False,1.27018,13:08:00,,,NaN,NaN,NaN,NaN,NaN,NaN,NaN
"[150.87504432663317, -28.620731509212728]",48.139,0.082,544,53,2014.177,701.094,False,-0.79575,13:10:00,,,NaN,NaN,NaN,NaN,NaN,NaN,NaN
"[150.8697331052632, -28.55863829699246]",43.015,0.092,491,41,1855.391,542.416,False,-0.84289,13:12:00,,,NaN,NaN,NaN,NaN,NaN,NaN,NaN
"[150.90780100496667, -28.593859105960263]",47.591,0.085,553,51,1950.559,797.585,False,0.95198,13:14:00,,,NaN,NaN,NaN,NaN,NaN,NaN,NaN
"[150.90800602760092, -28.583557808917213]",46.279,0.07,435,36,1576.826,500.968,False,-1.51589,13:16:00,,,NaN,NaN,NaN,NaN,NaN,NaN,NaN
"[150.92843225478936, -28.610365618773955]",49.754,0.067,491,31,1696.697,469.681,False,0.53314,13:18:00,,,NaN,NaN,NaN,NaN,NaN,NaN,NaN
"[150.9130210976491, -28.525768526220592]",46.041,0.083,527,26,1673.374,341.052,False,0.35749,13:20:00,,,NaN,NaN,NaN,NaN,NaN,NaN,NaN
"[150.96100538663478, -28.58783280906921]",43.141,0.072,370,49,1284.31,567.498,False,-1.54031,13:22:00,,,NaN,NaN,NaN,NaN,NaN,NaN,NaN
"[151.00029302879582, -28.610184646596867]",45.376,0.059,361,21,1279.638,252.459,False,-0.36178,13:24:00,,,NaN,NaN,NaN,NaN,NaN,NaN,NaN
"[151.01461993575415, -28.613047801675965]",43.882,0.059,331,27,1211.166,321.145,False,-0.27386,13:26:00,,,NaN,NaN,NaN,NaN,NaN,NaN,NaN
"[151.0107097520662, -28.57478304683195]",36.692,0.086,354,9,1283.985,149.065,False,0.06916,13:28:00,,,NaN,NaN,NaN,NaN,NaN,NaN,NaN
"[151.08223561578941, -28.698744894736812]",45.402,0.059,370,10,1358.117,81.474,False,0.27023,13:30:00,,,NaN,NaN,NaN,NaN,NaN,NaN,NaN
"[151.07619156056336, -28.629109774647866]",40.87,0.068,326,29,1194.111,370.917,False,-0.41916,13:32:00,,,NaN,NaN,NaN,NaN,NaN,NaN,NaN
"[151.06905334386622, -28.59750169888478]",36.23,0.13,517,21,1530.464,356.942,Jump_3,8.05456,13:34:00,No_Radar,No_Radar,NaN,NaN,NaN,NaN,NaN,NaN,NaN
"[151.08149056622514, -28.58792362582782]",39.261,0.125,587,17,1779.349,288.094,Jump_3,0.76037,13:36:00,No_Radar,No_Radar,NaN,NaN,NaN,NaN,NaN,NaN,NaN
"[151.11286619354843, -28.603286580645133]",34.995,0.129,484,12,1507.805,137.032,Jump_3,-1.32237,13:38:00,No_Radar,No_Radar,NaN,NaN,NaN,NaN,NaN,NaN,NaN
"[151.1467638599638, -28.617074949730696]",41.801,0.101,530,27,1642.841,446.823,Jump_3,0.56343,13:40:00,No_Radar,No_Radar,NaN,NaN,NaN,NaN,NaN,NaN,NaN
"[151.20215832919246, -28.703795674948257]",50.484,0.06,467,16,1513.054,216.411,False,-0.67843,13:42:00,,,NaN,NaN,NaN,NaN,NaN,NaN,NaN
"[151.20211100552478, -28.665567325966844]",45.218,0.056,351,11,1186.647,255.952,False,-1.02789,13:44:00,,,NaN,NaN,NaN,NaN,NaN,NaN,NaN
"[151.16658519163, -28.607188599118935]",39.035,0.095,435,19,1331.817,351.949,False,1.00287,13:46:00,,,NaN,NaN,NaN,NaN,NaN,NaN,NaN
"[151.2495072804532, -28.698252617563757]",47.873,0.049,325,28,1030.823,608.971,False,-1.01681,13:48:00,,,NaN,NaN,NaN,NaN,NaN,NaN,NaN
"[151.23196524169185, -28.62976705135953]",42.758,0.058,303,28,1088.521,330.288,False,-0.2245,13:50:00,,,NaN,NaN,NaN,NaN,NaN,NaN,NaN
"[151.26018126121372, -28.667780715039576]",52.047,0.045,358,21,1096.734,261.151,False,0.56324,13:52:00,,,NaN,NaN,NaN,NaN,NaN,NaN,NaN
"[151.27026303878108, -28.714268698060923]",48.37,0.049,332,29,1217.186,481.459,False,-0.19544,13:54:00,,,NaN,NaN,NaN,NaN,NaN,NaN,NaN
"[151.3284835197568, -28.71843972036475]",48.086,0.045,303,26,951.707,375.389,False,-0.43369,13:56:00,,,NaN,NaN,NaN,NaN,NaN,NaN,NaN
"[151.27583409113907, -28.60038636962024]",42.917,0.068,371,24,1235.539,350.821,False,1.24662,13:58:00,,,NaN,NaN,NaN,NaN,NaN,NaN,NaN
"[151.31410989212822, -28.660242758017485]",43.955,0.057,327,16,1157.16,265.246,False,-1.15277,14:00:00,,,NaN,NaN,NaN,NaN,NaN,NaN,NaN
"[151.31993017753612, -28.61282929710145]",37.192,0.064,271,5,794.836,59.832,False,-1.29645,14:02:00,,,NaN,NaN,NaN,NaN,NaN,NaN,NaN
"[151.29628985769233, -28.556907111538454]",41.784,0.047,253,7,799.213,142.757,False,-0.30827,14:04:00,,,NaN,NaN,NaN,NaN,NaN,NaN,NaN
"[151.246555675, -28.471277212500002]",24.305,0.129,230,10,699.777,159.313,False,-0.3851,14:06:00,,,NaN,NaN,NaN,NaN,NaN,NaN,NaN
"[151.20629986175112, -28.392788695852524]",21.904,0.144,207,10,664.463,199.986,False,-0.44635,14:08:00,,,NaN,NaN,NaN,NaN,NaN,NaN,NaN
"[151.28530404184113, -28.453565807531355]",27.785,0.099,235,4,638.269,138.054,False,0.97389,14:10:00,,,NaN,NaN,NaN,NaN,NaN,NaN,NaN
"[151.28971028571428, -28.444746408163283]",24.34,0.132,227,18,799.008,341.147,False,0.18986,14:12:00,,,NaN,NaN,NaN,NaN,NaN,NaN,NaN
"[151.28925176779018, -28.435789337078653]",26.422,0.122,259,8,822.749,214.361,False,1.13126,14:14:00,,,NaN,NaN,NaN,NaN,NaN,NaN,NaN
"[151.3131504183007, -28.436203830065363]",29.694,0.055,141,12,479.321,192.733,False,-5.19903,14:16:00,,,NaN,NaN,NaN,NaN,NaN,NaN,NaN
"[151.3416291718062, -28.51275850220265]",32.197,0.07,217,10,718.832,112.359,False,1.29729,14:18:00,,,NaN,NaN,NaN,NaN,NaN,NaN,NaN
"[151.3849806790698, -28.481713372093026]",24.137,0.117,190,25,695.825,376.258,False,-0.17206,14:20:00,,,NaN,NaN,NaN,NaN,NaN,NaN,NaN
"[151.35460230875577, -28.418499138248848]",23.15,0.129,205,12,689.191,242.741,False,0.029,14:22:00,,,NaN,NaN,NaN,NaN,NaN,NaN,NaN
"[151.51020606499998, -28.685457565]",45.064,0.031,185,15,681.75,353.506,False,-0.24701,14:24:00,,,NaN,NaN,NaN,NaN,NaN,NaN,NaN
"[151.45108405499994, -28.508965240000002]",33.138,0.058,181,19,698.206,547.043,False,0.0,14:26:00,,,NaN,NaN,NaN,NaN,NaN,NaN,NaN
"[151.4498942610619, -28.482664738938038]",27.707,0.094,207,19,637.231,386.285,False,0.70301,14:28:00,,,NaN,NaN,NaN,NaN,NaN,NaN,NaN
"[151.430668935135, -28.449366308108132]",26.381,0.085,175,10,779.537,244.747,False,-2.45813,14:30:00,,,NaN,NaN,NaN,NaN,NaN,NaN,NaN
"[151.4567424271356, -28.471155316582916]",30.236,0.069,181,18,675.382,432.761,False,0.56339,14:32:00,,,NaN,NaN,NaN,NaN,NaN,NaN,NaN
"[151.41651995744672, -28.405557452127667]",21.741,0.127,182,6,618.083,128.758,False,-0.41746,14:34:00,,,NaN,NaN,NaN,NaN,NaN,NaN,NaN
"[151.4513299226804, -28.418199432989685]",24.466,0.103,178,16,671.535,459.811,False,0.23332,14:36:00,,,NaN,NaN,NaN,NaN,NaN,NaN,NaN
"[151.52621044186048, -28.478974240310063]",24.747,0.067,114,15,498.325,349.059,False,-2.50055,14:38:00,,,NaN,NaN,NaN,NaN,NaN,NaN,NaN
"[151.56008477064216, -28.515938357798163]",31.495,0.035,96,13,437.695,266.336,False,-0.60459,14:40:00,,,NaN,NaN,NaN,NaN,NaN,NaN,NaN
"[151.5019605352113, -28.416267436619712]",25.845,0.068,130,12,463.865,364.604,False,1.06746,14:42:00,,,NaN,NaN,NaN,NaN,NaN,NaN,NaN
"[151.52141405960253, -28.425429649006624]",26.862,0.067,133,18,464.577,409.453,False,0.24911,14:44:00,,,NaN,NaN,NaN,NaN,NaN,NaN,NaN
"[151.5409625418994, -28.40665902234636]",28.191,0.072,176,3,552.344,48.442,False,0.75121,14:46:00,,,NaN,NaN,NaN,NaN,NaN,NaN,NaN
"[151.56151261194032, -28.440587611940302]",34.599,0.036,126,8,439.235,136.118,False,-1.1134,14:48:00,,,NaN,NaN,NaN,NaN,NaN,NaN,NaN
"[151.58195207971016, -28.424054630434778]",32.595,0.041,131,7,494.428,148.66,False,0.12096,14:50:00,,,NaN,NaN,NaN,NaN,NaN,NaN,NaN
"[151.64851108695652, -28.461989313043482]",35.417,0.029,91,24,355.676,431.965,False,-0.7436,14:52:00,,,NaN,NaN,NaN,NaN,NaN,NaN,NaN
"[151.71938479452052, -28.494899589041093]",27.329,0.031,63,10,291.11,188.325,False,-1.46465,14:54:00,,,NaN,NaN,NaN,NaN,NaN,NaN,NaN
"[151.60677590151508, -28.3827017121212]",32.397,0.04,127,5,558.185,90.124,False,1.88922,14:56:00,,,NaN,NaN,NaN,NaN,NaN,NaN,NaN
"[151.62890654716972, -28.402944273584904]",33.263,0.03,102,4,422.462,150.229,False,-0.60559,14:58:00,,,NaN,NaN,NaN,NaN,NaN,NaN,NaN
"[151.66003836419745, -28.388570462962956]",39.01,0.034,155,7,626.14,134.844,False,1.41004,15:00:00,,,NaN,NaN,NaN,NaN,NaN,NaN,NaN
"[151.57889971631207, -28.299504319148944]",34.27,0.038,129,12,466.435,281.764,False,-0.43157,15:02:00,,,NaN,NaN,NaN,NaN,NaN,NaN,NaN
"[151.83559559340662, -28.578907230769232]",23.107,0.054,85,6,273.267,95.428,False,-1.03347,15:04:00,,,NaN,NaN,NaN,NaN,NaN,NaN,NaN
"[151.52167232608696, -28.20977864492754]",29.986,0.049,129,9,538.779,258.909,False,0.93215,15:06:00,,,NaN,NaN,NaN,NaN,NaN,NaN,NaN
"[151.5405822755102, -28.204064642857123]",34.084,0.027,90,8,377.038,196.126,False,-0.8454,15:08:00,,,NaN,NaN,NaN,NaN,NaN,NaN,NaN
"[151.44935251648346, -28.127687483516464]",19.504,0.076,80,11,317.311,245.77,False,-0.1409,15:10:00,,,NaN,NaN,NaN,NaN,NaN,NaN,NaN
"[151.7042185490196, -28.33507256862745]",40.24,0.02,97,5,331.413,87.163,False,0.2891,15:12:00,,,NaN,NaN,NaN,NaN,NaN,NaN,NaN
"[151.5646573151515, -28.183092739393935]",36.322,0.04,161,4,628.405,123.999,False,1.60346,15:14:00,,,NaN,NaN,NaN,NaN,NaN,NaN,NaN
"[151.61396645783125, -28.19969048795179]",39.951,0.033,163,3,491.952,68.552,False,0.02416,15:16:00,,,NaN,NaN,NaN,NaN,NaN,NaN,NaN
"[151.47039065333325, -28.008890413333326]",19.084,0.066,66,9,295.605,276.157,False,-2.43573,15:18:00,,,NaN,NaN,NaN,NaN,NaN,NaN,NaN
"[151.39884760344827, -27.955806655172413]",9.155,0.22,56,2,188.711,78.406,False,-0.30638,15:20:00,,,NaN,NaN,NaN,NaN,NaN,NaN,NaN
"[151.41912357894736, -27.948576126315785]",13.786,0.159,88,7,320.204,150.155,False,0.66339,15:22:00,,,NaN,NaN,NaN,NaN,NaN,NaN,NaN
"[151.40158783908052, -27.937963643678156]",12.066,0.19,83,4,220.21,77.387,False,-0.13571,15:24:00,,,NaN,NaN,NaN,NaN,NaN,NaN,NaN
"[151.45446483, -27.961545829999995]",11.936,0.223,97,3,362.773,84.379,False,0.27736,15:26:00,,,NaN,NaN,NaN,NaN,NaN,NaN,NaN
"[151.51538662962955, -27.9898451728395]",18.466,0.151,161,1,522.2,30.511,False,1.28576,15:28:00,,,NaN,NaN,NaN,NaN,NaN,NaN,NaN
"[151.4894078108108, -27.941689702702696]",14.953,0.158,110,1,313.824,39.457,False,-1.56994,15:30:00,,,NaN,NaN,NaN,NaN,NaN,NaN,NaN
"[151.53346450602413, -27.977724927710835]",16.498,0.097,80,3,338.107,113.455,False,-0.64727,15:32:00,,,NaN,NaN,NaN,NaN,NaN,NaN,NaN
"[151.54341938554214, -27.98569568674698]",15.413,0.111,79,4,298.721,98.079,False,0.0,15:34:00,,,NaN,NaN,NaN,NaN,NaN,NaN,NaN
"[151.5771983884298, -28.039897958677678]",19.688,0.099,114,7,403.481,111.428,False,0.88379,15:36:00,,,NaN,NaN,NaN,NaN,NaN,NaN,NaN
"[151.63374492982456, -28.072269280701768]",14.161,0.09,54,3,239.43,22.269,False,-1.38148,15:38:00,,,NaN,NaN,NaN,NaN,NaN,NaN,NaN
"[151.61863089010987, -28.00247261538462]",17.714,0.092,84,7,312.019,122.489,False,0.82952,15:40:00,,,NaN,NaN,NaN,NaN,NaN,NaN,NaN
"[151.63308883333335, -28.02558427777779]",17.185,0.097,84,6,304.282,165.523,False,-0.02325,15:42:00,,,NaN,NaN,NaN,NaN,NaN,NaN,NaN
"[151.67849058558554, -28.05060165765767]",20.505,0.084,108,3,404.839,87.505,False,0.5136,15:44:00,,,NaN,NaN,NaN,NaN,NaN,NaN,NaN
"[151.70058349999996, -28.04045016666666]",19.502,0.095,113,1,394.3,59.013,False,0.07181,15:46:00,,,NaN,NaN,NaN,NaN,NaN,NaN,NaN
"[151.70108555555552, -28.044616351851825]",18.725,0.098,106,2,404.019,39.039,False,-0.15904,15:48:00,,,NaN,NaN,NaN,NaN,NaN,NaN,NaN
"[151.6992316923077, -28.046730326923086]",18.687,0.047,47,5,162.754,152.372,False,-3.34246,15:50:00,,,NaN,NaN,NaN,NaN,NaN,NaN,NaN
"[151.69669640579716, -28.0237086231884]",19.155,0.06,69,0,216.94,0.0,False,0.59019,15:52:00,,,NaN,NaN,NaN,NaN,NaN,NaN,NaN
"[151.7270887971014, -28.039505072463765]",18.883,0.062,69,0,300.054,0.0,False,0.0,15:54:00,,,NaN,NaN,NaN,NaN,NaN,NaN,NaN
"[151.7183221666667, -28.037335979166667]",19.531,0.04,46,2,223.464,42.602,False,-0.75226,15:56:00,,,NaN,NaN,NaN,NaN,NaN,NaN,NaN
"[151.75203671153847, -28.042119634615386]",18.181,0.05,44,8,207.512,178.076,False,0.14532,15:58:00,,,NaN,NaN,NaN,NaN,NaN,NaN,NaN
"[151.73675531818182, -27.978423795454546]",14.853,0.063,42,2,181.834,89.576,False,-0.28045,16:00:00,,,NaN,NaN,NaN,NaN,NaN,NaN,NaN
"[151.77763250000004, -28.044129038461545]",16.616,0.06,51,1,197.92,33.41,False,0.56668,16:02:00,,,NaN,NaN,NaN,NaN,NaN,NaN,NaN
"[151.81300645588232, -28.068136573529422]",17.048,0.074,67,1,276.924,34.898,False,1.39368,16:04:00,,,NaN,NaN,NaN,NaN,NaN,NaN,NaN
"[151.8722582592593, -28.099573759259247]",8.755,0.224,51,3,184.478,74.502,False,-0.96563,16:06:00,,,NaN,NaN,NaN,NaN,NaN,NaN,NaN
"[151.8146802272728, -28.08853722727272]",11.63,0.104,43,1,215.825,26.485,False,-0.82423,16:08:00,,,NaN,NaN,NaN,NaN,NaN,NaN,NaN
"[151.89496818421048, -28.10595094736842]",8.626,0.163,36,2,170.949,102.89,False,-0.46457,16:10:00,,,NaN,NaN,NaN,NaN,NaN,NaN,NaN
,0.0,0.0,0,0,0.0,0.0,,,16:12:00,,,NaN,NaN,NaN,NaN,NaN,NaN,NaN
"[151.89680296000003, -28.072602319999998]",11.669,0.058,22,3,115.664,139.483,,,16:14:00,,,NaN,NaN,NaN,NaN,NaN,NaN,NaN
,0.0,0.0,0,0,0.0,0.0,,,16:16:00,,,NaN,NaN,NaN,NaN,NaN,NaN,NaN
,0.0,0.0,0,0,0.0,0.0,,,16:18:00,,,NaN,NaN,NaN,NaN,NaN,NaN,NaN
,0.0,0.0,0,0,0.0,0.0,,,16:20:00,,,NaN,NaN,NaN,NaN,NaN,NaN,NaN
,0.0,0.0,0,0,0.0,0.0,,,16:22:00,,,NaN,NaN,NaN,NaN,NaN,NaN,NaN
,0.0,0.0,0,0,0.0,0.0,,,16:24:00,,,NaN,NaN,NaN,NaN,NaN,NaN,NaN
,0.0,0.0,0,0,0.0,0.0,,,16:26:00,,,NaN,NaN,NaN,NaN,NaN,NaN,NaN
,0.0,0.0,0,0,0.0,0.0,,,16:28:00,,,NaN,NaN,NaN,NaN,NaN,NaN,NaN
,0.0,0.0,0,0,0.0,0.0,,,16:30:00,,,NaN,NaN,NaN,NaN,NaN,NaN,NaN
,0.0,0.0,0,0,0.0,0.0,,,16:32:00,,,NaN,NaN,NaN,NaN,NaN,NaN,NaN
,0.0,0.0,0,0,0.0,0.0,,,16:34:00,,,NaN,NaN,NaN,NaN,NaN,NaN,NaN
,0.0,0.0,0,0,0.0,0.0,,,16:36:00,,,NaN,NaN,NaN,NaN,NaN,NaN,NaN
,0.0,0.0,0,0,0.0,0.0,,,16:38:00,,,NaN,NaN,NaN,NaN,NaN,NaN,NaN
,0.0,0.0,0,0,0.0,0.0,,,16:40:00,,,NaN,NaN,NaN,NaN,NaN,NaN,NaN
,0.0,0.0,0,0,0.0,0.0,,,16:42:00,,,NaN,NaN,NaN,NaN,NaN,NaN,NaN
"[151.85122575, -27.764526571428572]",16.411,0.033,21,7,110.711,190.756,,,16:44:00,,,NaN,NaN,NaN,NaN,NaN,NaN,NaN
,0.0,0.0,0,0,0.0,0.0,,,16:46:00,,,NaN,NaN,NaN,NaN,NaN,NaN,NaN
,0.0,0.0,0,0,0.0,0.0,,,16:48:00,,,NaN,NaN,NaN,NaN,NaN,NaN,NaN
,0.0,0.0,0,0,0.0,0.0,,,16:50:00,,,NaN,NaN,NaN,NaN,NaN,NaN,NaN
,0.0,0.0,0,0,0.0,0.0,,,16:52:00,,,NaN,NaN,NaN,NaN,NaN,NaN,NaN
,0.0,0.0,0,0,0.0,0.0,,,16:54:00,,,NaN,NaN,NaN,NaN,NaN,NaN,NaN
,0.0,0.0,0,0,0.0,0.0,,,16:56:00,,,NaN,NaN,NaN,NaN,NaN,NaN,NaN
,0.0,0.0,0,0,0.0,0.0,,,16:58:00,,,NaN,NaN,NaN,NaN,NaN,NaN,NaN
,0.0,0.0,0,0,0.0,0.0,,,17:00:00,,,NaN,NaN,NaN,NaN,NaN,NaN,NaN
,0.0,0.0,0,0,0.0,0.0,,,17:02:00,,,NaN,NaN,NaN,NaN,NaN,NaN,NaN
,0.0,0.0,0,0,0.0,0.0,,,17:04:00,,,NaN,NaN,NaN,NaN,NaN,NaN,NaN
,0.0,0.0,0,0,0.0,0.0,,,17:06:00,,,NaN,NaN,NaN,NaN,NaN,NaN,NaN
,0.0,0.0,0,0,0.0,0.0,,,17:08:00,,,NaN,NaN,NaN,NaN,NaN,NaN,NaN
,0.0,0.0,0,0,0.0,0.0,,,17:10:00,,,NaN,NaN,NaN,NaN,NaN,NaN,NaN
,0.0,0.0,0,0,0.0,0.0,,,17:12:00,,,NaN,NaN,NaN,NaN,NaN,NaN,NaN
"[152.7632386521739, -28.249002478260866]",11.118,0.059,19,4,77.541,131.597,,,17:14:00,,,NaN,NaN,NaN,NaN,NaN,NaN,NaN
,0.0,0.0,0,0,0.0,0.0,,,17:16:00,,,NaN,NaN,NaN,NaN,NaN,NaN,NaN
,0.0,0.0,0,0,0.0,0.0,,,17:18:00,,,NaN,NaN,NaN,NaN,NaN,NaN,NaN
,0.0,0.0,0,0,0.0,0.0,,,17:20:00,,,NaN,NaN,NaN,NaN,NaN,NaN,NaN
,0.0,0.0,0,0,0.0,0.0,,,17:22:00,,,NaN,NaN,NaN,NaN,NaN,NaN,NaN
,0.0,0.0,0,0,0.0,0.0,,,17:24:00,,,NaN,NaN,NaN,NaN,NaN,NaN,NaN
,0.0,0.0,0,0,0.0,0.0,,,17:26:00,,,NaN,NaN,NaN,NaN,NaN,NaN,NaN
,0.0,0.0,0,0,0.0,0.0,,,17:28:00,,,NaN,NaN,NaN,NaN,NaN,NaN,NaN
,0.0,0.0,0,0,0.0,0.0,,,17:30:00,,,NaN,NaN,NaN,NaN,NaN,NaN,NaN
,0.0,0.0,0,0,0.0,0.0,,,17:32:00,,,NaN,NaN,NaN,NaN,NaN,NaN,NaN
,0.0,0.0,0,0,0.0,0.0,,,17:34:00,,,NaN,NaN,NaN,NaN,NaN,NaN,NaN
,0.0,0.0,0,0,0.0,0.0,,,17:36:00,,,NaN,NaN,NaN,NaN,NaN,NaN,NaN
,0.0,0.0,0,0,0.0,0.0,,,17:38:00,,,NaN,NaN,NaN,NaN,NaN,NaN,NaN
"[152.9768938095238, -28.21419285714286]",10.375,0.062,21,0,114.757,0.0,,,17:40:00,,,NaN,NaN,NaN,NaN,NaN,NaN,NaN
"[153.04137185, -28.249664499999994]",10.091,0.063,17,3,31.811,85.011,False,-0.10648,17:42:00,,,NaN,NaN,NaN,NaN,NaN,NaN,NaN
,0.0,0.0,0,0,0.0,0.0,,,17:44:00,,,NaN,NaN,NaN,NaN,NaN,NaN,NaN
,0.0,0.0,0,0,0.0,0.0,,,17:46:00,,,NaN,NaN,NaN,NaN,NaN,NaN,NaN
,0.0,0.0,0,0,0.0,0.0,,,17:48:00,,,NaN,NaN,NaN,NaN,NaN,NaN,NaN
"[153.0276156071429, -28.187157285714285]",9.887,0.091,25,3,100.932,51.34,,,17:50:00,,,NaN,NaN,NaN,NaN,NaN,NaN,NaN
"[153.1032537741936, -28.2075214516129]",5.817,0.292,31,0,125.693,0.0,False,0.17502,17:52:00,,,NaN,NaN,NaN,NaN,NaN,NaN,NaN
"[153.1082768, -28.19304323333334]",4.205,0.54,30,0,93.015,0.0,False,-0.0585,17:54:00,,,NaN,NaN,NaN,NaN,NaN,NaN,NaN
"[153.0911208055556, -28.200169777777774]",8.662,0.153,33,3,130.597,80.364,False,0.48428,17:56:00,,,NaN,NaN,NaN,NaN,NaN,NaN,NaN
"[153.12600985714286, -28.247398642857146]",8.353,0.128,26,2,76.257,50.994,False,-0.6697,17:58:00,,,NaN,NaN,NaN,NaN,NaN,NaN,NaN
"[153.13494780645163, -28.22966541935485]",7.584,0.172,31,0,162.76,0.0,False,0.22098,18:00:00,,,NaN,NaN,NaN,NaN,NaN,NaN,NaN
"[153.12185954545456, -28.192109136363637]",6.637,0.159,19,3,127.97,99.487,False,-1.66268,18:02:00,,,NaN,NaN,NaN,NaN,NaN,NaN,NaN
,0.0,0.0,0,0,0.0,0.0,,,18:04:00,,,NaN,NaN,NaN,NaN,NaN,NaN,NaN
,0.0,0.0,0,0,0.0,0.0,,,18:06:00,,,NaN,NaN,NaN,NaN,NaN,NaN,NaN
,0.0,0.0,0,0,0.0,0.0,,,18:08:00,,,NaN,NaN,NaN,NaN,NaN,NaN,NaN
,0.0,0.0,0,0,0.0,0.0,,,18:10:00,,,NaN,NaN,NaN,NaN,NaN,NaN,NaN
,0.0,0.0,0,0,0.0,0.0,,,18:12:00,,,NaN,NaN,NaN,NaN,NaN,NaN,NaN
,0.0,0.0,0,0,0.0,0.0,,,18:14:00,,,NaN,NaN,NaN,NaN,NaN,NaN,NaN
,0.0,0.0,0,0,0.0,0.0,,,18:16:00,,,NaN,NaN,NaN,NaN,NaN,NaN,NaN
,0.0,0.0,0,0,0.0,0.0,,,18:18:00,,,NaN,NaN,NaN,NaN,NaN,NaN,NaN
,0.0,0.0,0,0,0.0,0.0,,,18:20:00,,,NaN,NaN,NaN,NaN,NaN,NaN,NaN
,0.0,0.0,0,0,0.0,0.0,,,18:22:00,,,NaN,NaN,NaN,NaN,NaN,NaN,NaN
,0.0,0.0,0,0,0.0,0.0,,,18:24:00,,,NaN,NaN,NaN,NaN,NaN,NaN,NaN
,0.0,0.0,0,0,0.0,0.0,,,18:26:00,,,NaN,NaN,NaN,NaN,NaN,NaN,NaN
,0.0,0.0,0,0,0.0,0.0,,,18:28:00,,,NaN,NaN,NaN,NaN,NaN,NaN,NaN
,0.0,0.0,0,0,0.0,0.0,,,18:30:00,,,NaN,NaN,NaN,NaN,NaN,NaN,NaN
,0.0,0.0,0,0,0.0,0.0,,,18:32:00,,,NaN,NaN,NaN,NaN,NaN,NaN,NaN
,0.0,0.0,0,0,0.0,0.0,,,18:34:00,,,NaN,NaN,NaN,NaN,NaN,NaN,NaN
,0.0,0.0,0,0,0.0,0.0,,,18:36:00,,,NaN,NaN,NaN,NaN,NaN,NaN,NaN
,0.0,0.0,0,0,0.0,0.0,,,18:38:00,,,NaN,NaN,NaN,NaN,NaN,NaN,NaN
,0.0,0.0,0,0,0.0,0.0,,,18:40:00,,,NaN,NaN,NaN,NaN,NaN,NaN,NaN
,0.0,0.0,0,0,0.0,0.0,,,18:42:00,,,NaN,NaN,NaN,NaN,NaN,NaN,NaN
,0.0,0.0,0,0,0.0,0.0,,,18:44:00,,,NaN,NaN,NaN,NaN,NaN,NaN,NaN
,0.0,0.0,0,0,0.0,0.0,,,18:46:00,,,NaN,NaN,NaN,NaN,NaN,NaN,NaN
,0.0,0.0,0,0,0.0,0.0,,,18:48:00,,,NaN,NaN,NaN,NaN,NaN,NaN,NaN
,0.0,0.0,0,0,0.0,0.0,,,18:50:00,,,NaN,NaN,NaN,NaN,NaN,NaN,NaN
,0.0,0.0,0,0,0.0,0.0,,,18:52:00,,,NaN,NaN,NaN,NaN,NaN,NaN,NaN
,0.0,0.0,0,0,0.0,0.0,,,18:54:00,,,NaN,NaN,NaN,NaN,NaN,NaN,NaN
,0.0,0.0,0,0,0.0,0.0,,,18:56:00,,,NaN,NaN,NaN,NaN,NaN,NaN,NaN
,0.0,0.0,0,0,0.0,0.0,,,18:58:00,,,NaN,NaN,NaN,NaN,NaN,NaN,NaN
,0.0,0.0,0,0,0.0,0.0,,,19:00:00,,,NaN,NaN,NaN,NaN,NaN,NaN,NaN
,0.0,0.0,0,0,0.0,0.0,,,19:02:00,,,NaN,NaN,NaN,NaN,NaN,NaN,NaN
,0.0,0.0,0,0,0.0,0.0,,,19:04:00,,,NaN,NaN,NaN,NaN,NaN,NaN,NaN
,0.0,0.0,0,0,0.0,0.0,,,19:06:00,,,NaN,NaN,NaN,NaN,NaN,NaN,NaN
,0.0,0.0,0,0,0.0,0.0,,,19:08:00,,,NaN,NaN,NaN,NaN,NaN,NaN,NaN
,0.0,0.0,0,0,0.0,0.0,,,19:10:00,,,NaN,NaN,NaN,NaN,NaN,NaN,NaN
,0.0,0.0,0,0,0.0,0.0,,,19:12:00,,,NaN,NaN,NaN,NaN,NaN,NaN,NaN
,0.0,0.0,0,0,0.0,0.0,,,19:14:00,,,NaN,NaN,NaN,NaN,NaN,NaN,NaN
,0.0,0.0,0,0,0.0,0.0,,,19:16:00,,,NaN,NaN,NaN,NaN,NaN,NaN,NaN
,0.0,0.0,0,0,0.0,0.0,,,19:18:00,,,NaN,NaN,NaN,NaN,NaN,NaN,NaN
,0.0,0.0,0,0,0.0,0.0,,,19:20:00,,,NaN,NaN,NaN,NaN,NaN,NaN,NaN
,0.0,0.0,0,0,0.0,0.0,,,19:22:00,,,NaN,NaN,NaN,NaN,NaN,NaN,NaN
,0.0,0.0,0,0,0.0,0.0,,,19:24:00,,,NaN,NaN,NaN,NaN,NaN,NaN,NaN
,0.0,0.0,0,0,0.0,0.0,,,19:26:00,,,NaN,NaN,NaN,NaN,NaN,NaN,NaN
,0.0,0.0,0,0,0.0,0.0,,,19:28:00,,,NaN,NaN,NaN,NaN,NaN,NaN,NaN
,0.0,0.0,0,0,0.0,0.0,,,19:30:00,,,NaN,NaN,NaN,NaN,NaN,NaN,NaN
,0.0,0.0,0,0,0.0,0.0,,,19:32:00,,,NaN,NaN,NaN,NaN,NaN,NaN,NaN
,0.0,0.0,0,0,0.0,0.0,,,19:34:00,,,NaN,NaN,NaN,NaN,NaN,NaN,NaN
,0.0,0.0,0,0,0.0,0.0,,,19:36:00,,,NaN,NaN,NaN,NaN,NaN,NaN,NaN
,0.0,0.0,0,0,0.0,0.0,,,19:38:00,,,NaN,NaN,NaN,NaN,NaN,NaN,NaN
,0.0,0.0,0,0,0.0,0.0,,,19:40:00,,,NaN,NaN,NaN,NaN,NaN,NaN,NaN
,0.0,0.0,0,0,0.0,0.0,,,19:42:00,,,NaN,NaN,NaN,NaN,NaN,NaN,NaN
,0.0,0.0,0,0,0.0,0.0,,,19:44:00,,,NaN,NaN,NaN,NaN,NaN,NaN,NaN
,0.0,0.0,0,0,0.0,0.0,,,19:46:00,,,NaN,NaN,NaN,NaN,NaN,NaN,NaN
,0.0,0.0,0,0,0.0,0.0,,,19:48:00,,,NaN,NaN,NaN,NaN,NaN,NaN,NaN
,0.0,0.0,0,0,0.0,0.0,,,19:50:00,,,NaN,NaN,NaN,NaN,NaN,NaN,NaN
,0.0,0.0,0,0,0.0,0.0,,,19:52:00,,,NaN,NaN,NaN,NaN,NaN,NaN,NaN
,0.0,0.0,0,0,0.0,0.0,,,19:54:00,,,NaN,NaN,NaN,NaN,NaN,NaN,NaN
,0.0,0.0,0,0,0.0,0.0,,,19:56:00,,,NaN,NaN,NaN,NaN,NaN,NaN,NaN
,0.0,0.0,0,0,0.0,0.0,,,19:58:00,,,NaN,NaN,NaN,NaN,NaN,NaN,NaN
,0.0,0.0,0,0,0.0,0.0,,,20:00:00,,,NaN,NaN,NaN,NaN,NaN,NaN,NaN
,0.0,0.0,0,0,0.0,0.0,,,20:02:00,,,NaN,NaN,NaN,NaN,NaN,NaN,NaN
,0.0,0.0,0,0,0.0,0.0,,,20:04:00,,,NaN,NaN,NaN,NaN,NaN,NaN,NaN
,0.0,0.0,0,0,0.0,0.0,,,20:06:00,,,NaN,NaN,NaN,NaN,NaN,NaN,NaN
,0.0,0.0,0,0,0.0,0.0,,,20:08:00,,,NaN,NaN,NaN,NaN,NaN,NaN,NaN
,0.0,0.0,0,0,0.0,0.0,,,20:10:00,,,NaN,NaN,NaN,NaN,NaN,NaN,NaN
,0.0,0.0,0,0,0.0,0.0,,,20:12:00,,,NaN,NaN,NaN,NaN,NaN,NaN,NaN
,0.0,0.0,0,0,0.0,0.0,,,20:14:00,,,NaN,NaN,NaN,NaN,NaN,NaN,NaN
,0.0,0.0,0,0,0.0,0.0,,,20:16:00,,,NaN,NaN,NaN,NaN,NaN,NaN,NaN
,0.0,0.0,0,0,0.0,0.0,,,20:18:00,,,NaN,NaN,NaN,NaN,NaN,NaN,NaN
,0.0,0.0,0,0,0.0,0.0,,,20:20:00,,,NaN,NaN,NaN,NaN,NaN,NaN,NaN
,0.0,0.0,0,0,0.0,0.0,,,20:22:00,,,NaN,NaN,NaN,NaN,NaN,NaN,NaN
,0.0,0.0,0,0,0.0,0.0,,,20:24:00,,,NaN,NaN,NaN,NaN,NaN,NaN,NaN
,0.0,0.0,0,0,0.0,0.0,,,20:26:00,,,NaN,NaN,NaN,NaN,NaN,NaN,NaN
,0.0,0.0,0,0,0.0,0.0,,,20:28:00,,,NaN,NaN,NaN,NaN,NaN,NaN,NaN
,0.0,0.0,0,0,0.0,0.0,,,20:30:00,,,NaN,NaN,NaN,NaN,NaN,NaN,NaN
,0.0,0.0,0,0,0.0,0.0,,,20:32:00,,,NaN,NaN,NaN,NaN,NaN,NaN,NaN
,0.0,0.0,0,0,0.0,0.0,,,20:34:00,,,NaN,NaN,NaN,NaN,NaN,NaN,NaN
,0.0,0.0,0,0,0.0,0.0,,,20:36:00,,,NaN,NaN,NaN,NaN,NaN,NaN,NaN
,0.0,0.0,0,0,0.0,0.0,,,20:38:00,,,NaN,NaN,NaN,NaN,NaN,NaN,NaN
,0.0,0.0,0,0,0.0,0.0,,,20:40:00,,,NaN,NaN,NaN,NaN,NaN,NaN,NaN
,0.0,0.0,0,0,0.0,0.0,,,20:42:00,,,NaN,NaN,NaN,NaN,NaN,NaN,NaN
,0.0,0.0,0,0,0.0,0.0,,,20:44:00,,,NaN,NaN,NaN,NaN,NaN,NaN,NaN
,0.0,0.0,0,0,0.0,0.0,,,20:46:00,,,NaN,NaN,NaN,NaN,NaN,NaN,NaN
,0.0,0.0,0,0,0.0,0.0,,,20:48:00,,,NaN,NaN,NaN,NaN,NaN,NaN,NaN
,0.0,0.0,0,0,0.0,0.0,,,20:50:00,,,NaN,NaN,NaN,NaN,NaN,NaN,NaN
,0.0,0.0,0,0,0.0,0.0,,,20:52:00,,,NaN,NaN,NaN,NaN,NaN,NaN,NaN
,0.0,0.0,0,0,0.0,0.0,,,20:54:00,,,NaN,NaN,NaN,NaN,NaN,NaN,NaN
,0.0,0.0,0,0,0.0,0.0,,,20:56:00,,,NaN,NaN,NaN,NaN,NaN,NaN,NaN
,0.0,0.0,0,0,0.0,0.0,,,20:58:00,,,NaN,NaN,NaN,NaN,NaN,NaN,NaN
,0.0,0.0,0,0,0.0,0.0,,,21:00:00,,,NaN,NaN,NaN,NaN,NaN,NaN,NaN
,0.0,0.0,0,0,0.0,0.0,,,21:02:00,,,NaN,NaN,NaN,NaN,NaN,NaN,NaN
,0.0,0.0,0,0,0.0,0.0,,,21:04:00,,,NaN,NaN,NaN,NaN,NaN,NaN,NaN
,0.0,0.0,0,0,0.0,0.0,,,21:06:00,,,NaN,NaN,NaN,NaN,NaN,NaN,NaN
,0.0,0.0,0,0,0.0,0.0,,,21:08:00,,,NaN,NaN,NaN,NaN,NaN,NaN,NaN
,0.0,0.0,0,0,0.0,0.0,,,21:10:00,,,NaN,NaN,NaN,NaN,NaN,NaN,NaN
,0.0,0.0,0,0,0.0,0.0,,,21:12:00,,,NaN,NaN,NaN,NaN,NaN,NaN,NaN
,0.0,0.0,0,0,0.0,0.0,,,21:14:00,,,NaN,NaN,NaN,NaN,NaN,NaN,NaN
,0.0,0.0,0,0,0.0,0.0,,,21:16:00,,,NaN,NaN,NaN,NaN,NaN,NaN,NaN
,0.0,0.0,0,0,0.0,0.0,,,21:18:00,,,NaN,NaN,NaN,NaN,NaN,NaN,NaN
,0.0,0.0,0,0,0.0,0.0,,,21:20:00,,,NaN,NaN,NaN,NaN,NaN,NaN,NaN
,0.0,0.0,0,0,0.0,0.0,,,21:22:00,,,NaN,NaN,NaN,NaN,NaN,NaN,NaN
,0.0,0.0,0,0,0.0,0.0,,,21:24:00,,,NaN,NaN,NaN,NaN,NaN,NaN,NaN
,0.0,0.0,0,0,0.0,0.0,,,21:26:00,,,NaN,NaN,NaN,NaN,NaN,NaN,NaN
,0.0,0.0,0,0,0.0,0.0,,,21:28:00,,,NaN,NaN,NaN,NaN,NaN,NaN,NaN
,0.0,0.0,0,0,0.0,0.0,,,21:30:00,,,NaN,NaN,NaN,NaN,NaN,NaN,NaN
,0.0,0.0,0,0,0.0,0.0,,,21:32:00,,,NaN,NaN,NaN,NaN,NaN,NaN,NaN
,0.0,0.0,0,0,0.0,0.0,,,21:34:00,,,NaN,NaN,NaN,NaN,NaN,NaN,NaN
,0.0,0.0,0,0,0.0,0.0,,,21:36:00,,,NaN,NaN,NaN,NaN,NaN,NaN,NaN
,0.0,0.0,0,0,0.0,0.0,,,21:38:00,,,NaN,NaN,NaN,NaN,NaN,NaN,NaN
,0.0,0.0,0,0,0.0,0.0,,,21:40:00,,,NaN,NaN,NaN,NaN,NaN,NaN,NaN
,0.0,0.0,0,0,0.0,0.0,,,21:42:00,,,NaN,NaN,NaN,NaN,NaN,NaN,NaN
,0.0,0.0,0,0,0.0,0.0,,,21:44:00,,,NaN,NaN,NaN,NaN,NaN,NaN,NaN
,0.0,0.0,0,0,0.0,0.0,,,21:46:00,,,NaN,NaN,NaN,NaN,NaN,NaN,NaN
,0.0,0.0,0,0,0.0,0.0,,,21:48:00,,,NaN,NaN,NaN,NaN,NaN,NaN,NaN
,0.0,0.0,0,0,0.0,0.0,,,21:50:00,,,NaN,NaN,NaN,NaN,NaN,NaN,NaN
,0.0,0.0,0,0,0.0,0.0,,,21:52:00,,,NaN,NaN,NaN,NaN,NaN,NaN,NaN
,0.0,0.0,0,0,0.0,0.0,,,21:54:00,,,NaN,NaN,NaN,NaN,NaN,NaN,NaN
,0.0,0.0,0,0,0.0,0.0,,,21:56:00,,,NaN,NaN,NaN,NaN,NaN,NaN,NaN
,0.0,0.0,0,0,0.0,0.0,,,21:58:00,,,NaN,NaN,NaN,NaN,NaN,NaN,NaN
,0.0,0.0,0,0,0.0,0.0,,,22:00:00,,,NaN,NaN,NaN,NaN,NaN,NaN,NaN
,0.0,0.0,0,0,0.0,0.0,,,22:02:00,,,NaN,NaN,NaN,NaN,NaN,NaN,NaN
,0.0,0.0,0,0,0.0,0.0,,,22:04:00,,,NaN,NaN,NaN,NaN,NaN,NaN,NaN
,0.0,0.0,0,0,0.0,0.0,,,22:06:00,,,NaN,NaN,NaN,NaN,NaN,NaN,NaN
,0.0,0.0,0,0,0.0,0.0,,,22:08:00,,,NaN,NaN,NaN,NaN,NaN,NaN,NaN
,0.0,0.0,0,0,0.0,0.0,,,22:10:00,,,NaN,NaN,NaN,NaN,NaN,NaN,NaN
,0.0,0.0,0,0,0.0,0.0,,,22:12:00,,,NaN,NaN,NaN,NaN,NaN,NaN,NaN
,0.0,0.0,0,0,0.0,0.0,,,22:14:00,,,NaN,NaN,NaN,NaN,NaN,NaN,NaN
,0.0,0.0,0,0,0.0,0.0,,,22:16:00,,,NaN,NaN,NaN,NaN,NaN,NaN,NaN
,0.0,0.0,0,0,0.0,0.0,,,22:18:00,,,NaN,NaN,NaN,NaN,NaN,NaN,NaN
,0.0,0.0,0,0,0.0,0.0,,,22:20:00,,,NaN,NaN,NaN,NaN,NaN,NaN,NaN
,0.0,0.0,0,0,0.0,0.0,,,22:22:00,,,NaN,NaN,NaN,NaN,NaN,NaN,NaN
,0.0,0.0,0,0,0.0,0.0,,,22:24:00,,,NaN,NaN,NaN,NaN,NaN,NaN,NaN
,0.0,0.0,0,0,0.0,0.0,,,22:26:00,,,NaN,NaN,NaN,NaN,NaN,NaN,NaN
,0.0,0.0,0,0,0.0,0.0,,,22:28:00,,,NaN,NaN,NaN,NaN,NaN,NaN,NaN
,0.0,0.0,0,0,0.0,0.0,,,22:30:00,,,NaN,NaN,NaN,NaN,NaN,NaN,NaN
,0.0,0.0,0,0,0.0,0.0,,,22:32:00,,,NaN,NaN,NaN,NaN,NaN,NaN,NaN
,0.0,0.0,0,0,0.0,0.0,,,22:34:00,,,NaN,NaN,NaN,NaN,NaN,NaN,NaN
,0.0,0.0,0,0,0.0,0.0,,,22:36:00,,,NaN,NaN,NaN,NaN,NaN,NaN,NaN
,0.0,0.0,0,0,0.0,0.0,,,22:38:00,,,NaN,NaN,NaN,NaN,NaN,NaN,NaN
,0.0,0.0,0,0,0.0,0.0,,,22:40:00,,,NaN,NaN,NaN,NaN,NaN,NaN,NaN
,0.0,0.0,0,0,0.0,0.0,,,22:42:00,,,NaN,NaN,NaN,NaN,NaN,NaN,NaN
,0.0,0.0,0,0,0.0,0.0,,,22:44:00,,,NaN,NaN,NaN,NaN,NaN,NaN,NaN
,0.0,0.0,0,0,0.0,0.0,,,22:46:00,,,NaN,NaN,NaN,NaN,NaN,NaN,NaN
,0.0,0.0,0,0,0.0,0.0,,,22:48:00,,,NaN,NaN,NaN,NaN,NaN,NaN,NaN
,0.0,0.0,0,0,0.0,0.0,,,22:50:00,,,NaN,NaN,NaN,NaN,NaN,NaN,NaN
,0.0,0.0,0,0,0.0,0.0,,,22:52:00,,,NaN,NaN,NaN,NaN,NaN,NaN,NaN
,0.0,0.0,0,0,0.0,0.0,,,22:54:00,,,NaN,NaN,NaN,NaN,NaN,NaN,NaN
,0.0,0.0,0,0,0.0,0.0,,,22:56:00,,,NaN,NaN,NaN,NaN,NaN,NaN,NaN
,0.0,0.0,0,0,0.0,0.0,,,22:58:00,,,NaN,NaN,NaN,NaN,NaN,NaN,NaN
,0.0,0.0,0,0,0.0,0.0,,,23:00:00,,,NaN,NaN,NaN,NaN,NaN,NaN,NaN
,0.0,0.0,0,0,0.0,0.0,,,23:02:00,,,NaN,NaN,NaN,NaN,NaN,NaN,NaN
,0.0,0.0,0,0,0.0,0.0,,,23:04:00,,,NaN,NaN,NaN,NaN,NaN,NaN,NaN
,0.0,0.0,0,0,0.0,0.0,,,23:06:00,,,NaN,NaN,NaN,NaN,NaN,NaN,NaN
,0.0,0.0,0,0,0.0,0.0,,,23:08:00,,,NaN,NaN,NaN,NaN,NaN,NaN,NaN
,0.0,0.0,0,0,0.0,0.0,,,23:10:00,,,NaN,NaN,NaN,NaN,NaN,NaN,NaN
,0.0,0.0,0,0,0.0,0.0,,,23:12:00,,,NaN,NaN,NaN,NaN,NaN,NaN,NaN
,0.0,0.0,0,0,0.0,0.0,,,23:14:00,,,NaN,NaN,NaN,NaN,NaN,NaN,NaN
,0.0,0.0,0,0,0.0,0.0,,,23:16:00,,,NaN,NaN,NaN,NaN,NaN,NaN,NaN
,0.0,0.0,0,0,0.0,0.0,,,23:18:00,,,NaN,NaN,NaN,NaN,NaN,NaN,NaN
,0.0,0.0,0,0,0.0,0.0,,,23:20:00,,,NaN,NaN,NaN,NaN,NaN,NaN,NaN
,0.0,0.0,0,0,0.0,0.0,,,23:22:00,,,NaN,NaN,NaN,NaN,NaN,NaN,NaN
,0.0,0.0,0,0,0.0,0.0,,,23:24:00,,,NaN,NaN,NaN,NaN,NaN,NaN,NaN
,0.0,0.0,0,0,0.0,0.0,,,23:26:00,,,NaN,NaN,NaN,NaN,NaN,NaN,NaN
,0.0,0.0,0,0,0.0,0.0,,,23:28:00,,,NaN,NaN,NaN,NaN,NaN,NaN,NaN
,0.0,0.0,0,0,0.0,0.0,,,23:30:00,,,NaN,NaN,NaN,NaN,NaN,NaN,NaN
,0.0,0.0,0,0,0.0,0.0,,,23:32:00,,,NaN,NaN,NaN,NaN,NaN,NaN,NaN
,0.0,0.0,0,0,0.0,0.0,,,23:34:00,,,NaN,NaN,NaN,NaN,NaN,NaN,NaN
,0.0,0.0,0,0,0.0,0.0,,,23:36:00,,,NaN,NaN,NaN,NaN,NaN,NaN,NaN
,0.0,0.0,0,0,0.0,0.0,,,23:38:00,,,NaN,NaN,NaN,NaN,NaN,NaN,NaN
,0.0,0.0,0,0,0.0,0.0,,,23:40:00,,,NaN,NaN,NaN,NaN,NaN,NaN,NaN
,0.0,0.0,0,0,0.0,0.0,,,23:42:00,,,NaN,NaN,NaN,NaN,NaN,NaN,NaN
,0.0,0.0,0,0,0.0,0.0,,,23:44:00,,,NaN,NaN,NaN,NaN,NaN,NaN,NaN
,0.0,0.0,0,0,0.0,0.0,,,23:46:00,,,NaN,NaN,NaN,NaN,NaN,NaN,NaN
,0.0,0.0,0,0,0.0,0.0,,,23:48:00,,,NaN,NaN,NaN,NaN,NaN,NaN,NaN
,0.0,0.0,0,0,0.0,0.0,,,23:50:00,,,NaN,NaN,NaN,NaN,NaN,NaN,NaN
,0.0,0.0,0,0,0.0,0.0,,,23:52:00,,,NaN,NaN,NaN,NaN,NaN,NaN,NaN
,0.0,0.0,0,0,0.0,0.0,,,23:54:00,,,NaN,NaN,NaN,NaN,NaN,NaN,NaN
,0.0,0.0,0,0,0.0,0.0,,,23:56:00,,,NaN,NaN,NaN,NaN,NaN,NaN,NaN
,0.0,0.0,0,0,0.0,0.0,,,23:58:00,,,NaN,NaN,NaN,NaN,NaN,NaN,NaN
