Coordinate,Scale_KM,TOT_dense,IC_num,CG_num,IC_amp,CG_amp,LJ,Sigma,Time,radar_ID,radar_Coor,max_SHI,nonneg_90_SHI,time_SHI,coor_SHI,valid_size_SHI,invalid_size_SHI,valid_range_SHI
,0.0,0.0,0,0,0.0,0.0,,,00:00:00,,,NaN,NaN,NaN,NaN,NaN,NaN,NaN
,0.0,0.0,0,0,0.0,0.0,,,00:02:00,,,NaN,NaN,NaN,NaN,NaN,NaN,NaN
,0.0,0.0,0,0,0.0,0.0,,,00:04:00,,,NaN,NaN,NaN,NaN,NaN,NaN,NaN
,0.0,0.0,0,0,0.0,0.0,,,00:06:00,,,NaN,NaN,NaN,NaN,NaN,NaN,NaN
,0.0,0.0,0,0,0.0,0.0,,,00:08:00,,,NaN,NaN,NaN,NaN,NaN,NaN,NaN
,0.0,0.0,0,0,0.0,0.0,,,00:10:00,,,NaN,NaN,NaN,NaN,NaN,NaN,NaN
,0.0,0.0,0,0,0.0,0.0,,,00:12:00,,,NaN,NaN,NaN,NaN,NaN,NaN,NaN
,0.0,0.0,0,0,0.0,0.0,,,00:14:00,,,NaN,NaN,NaN,NaN,NaN,NaN,NaN
,0.0,0.0,0,0,0.0,0.0,,,00:16:00,,,NaN,NaN,NaN,NaN,NaN,NaN,NaN
,0.0,0.0,0,0,0.0,0.0,,,00:18:00,,,NaN,NaN,NaN,NaN,NaN,NaN,NaN
,0.0,0.0,0,0,0.0,0.0,,,00:20:00,,,NaN,NaN,NaN,NaN,NaN,NaN,NaN
,0.0,0.0,0,0,0.0,0.0,,,00:22:00,,,NaN,NaN,NaN,NaN,NaN,NaN,NaN
,0.0,0.0,0,0,0.0,0.0,,,00:24:00,,,NaN,NaN,NaN,NaN,NaN,NaN,NaN
,0.0,0.0,0,0,0.0,0.0,,,00:26:00,,,NaN,NaN,NaN,NaN,NaN,NaN,NaN
,0.0,0.0,0,0,0.0,0.0,,,00:28:00,,,NaN,NaN,NaN,NaN,NaN,NaN,NaN
,0.0,0.0,0,0,0.0,0.0,,,00:30:00,,,NaN,NaN,NaN,NaN,NaN,NaN,NaN
,0.0,0.0,0,0,0.0,0.0,,,00:32:00,,,NaN,NaN,NaN,NaN,NaN,NaN,NaN
,0.0,0.0,0,0,0.0,0.0,,,00:34:00,,,NaN,NaN,NaN,NaN,NaN,NaN,NaN
,0.0,0.0,0,0,0.0,0.0,,,00:36:00,,,NaN,NaN,NaN,NaN,NaN,NaN,NaN
,0.0,0.0,0,0,0.0,0.0,,,00:38:00,,,NaN,NaN,NaN,NaN,NaN,NaN,NaN
,0.0,0.0,0,0,0.0,0.0,,,00:40:00,,,NaN,NaN,NaN,NaN,NaN,NaN,NaN
,0.0,0.0,0,0,0.0,0.0,,,00:42:00,,,NaN,NaN,NaN,NaN,NaN,NaN,NaN
,0.0,0.0,0,0,0.0,0.0,,,00:44:00,,,NaN,NaN,NaN,NaN,NaN,NaN,NaN
,0.0,0.0,0,0,0.0,0.0,,,00:46:00,,,NaN,NaN,NaN,NaN,NaN,NaN,NaN
,0.0,0.0,0,0,0.0,0.0,,,00:48:00,,,NaN,NaN,NaN,NaN,NaN,NaN,NaN
,0.0,0.0,0,0,0.0,0.0,,,00:50:00,,,NaN,NaN,NaN,NaN,NaN,NaN,NaN
,0.0,0.0,0,0,0.0,0.0,,,00:52:00,,,NaN,NaN,NaN,NaN,NaN,NaN,NaN
,0.0,0.0,0,0,0.0,0.0,,,00:54:00,,,NaN,NaN,NaN,NaN,NaN,NaN,NaN
,0.0,0.0,0,0,0.0,0.0,,,00:56:00,,,NaN,NaN,NaN,NaN,NaN,NaN,NaN
,0.0,0.0,0,0,0.0,0.0,,,00:58:00,,,NaN,NaN,NaN,NaN,NaN,NaN,NaN
,0.0,0.0,0,0,0.0,0.0,,,01:00:00,,,NaN,NaN,NaN,NaN,NaN,NaN,NaN
,0.0,0.0,0,0,0.0,0.0,,,01:02:00,,,NaN,NaN,NaN,NaN,NaN,NaN,NaN
,0.0,0.0,0,0,0.0,0.0,,,01:04:00,,,NaN,NaN,NaN,NaN,NaN,NaN,NaN
,0.0,0.0,0,0,0.0,0.0,,,01:06:00,,,NaN,NaN,NaN,NaN,NaN,NaN,NaN
,0.0,0.0,0,0,0.0,0.0,,,01:08:00,,,NaN,NaN,NaN,NaN,NaN,NaN,NaN
,0.0,0.0,0,0,0.0,0.0,,,01:10:00,,,NaN,NaN,NaN,NaN,NaN,NaN,NaN
,0.0,0.0,0,0,0.0,0.0,,,01:12:00,,,NaN,NaN,NaN,NaN,NaN,NaN,NaN
,0.0,0.0,0,0,0.0,0.0,,,01:14:00,,,NaN,NaN,NaN,NaN,NaN,NaN,NaN
,0.0,0.0,0,0,0.0,0.0,,,01:16:00,,,NaN,NaN,NaN,NaN,NaN,NaN,NaN
,0.0,0.0,0,0,0.0,0.0,,,01:18:00,,,NaN,NaN,NaN,NaN,NaN,NaN,NaN
,0.0,0.0,0,0,0.0,0.0,,,01:20:00,,,NaN,NaN,NaN,NaN,NaN,NaN,NaN
,0.0,0.0,0,0,0.0,0.0,,,01:22:00,,,NaN,NaN,NaN,NaN,NaN,NaN,NaN
,0.0,0.0,0,0,0.0,0.0,,,01:24:00,,,NaN,NaN,NaN,NaN,NaN,NaN,NaN
,0.0,0.0,0,0,0.0,0.0,,,01:26:00,,,NaN,NaN,NaN,NaN,NaN,NaN,NaN
,0.0,0.0,0,0,0.0,0.0,,,01:28:00,,,NaN,NaN,NaN,NaN,NaN,NaN,NaN
,0.0,0.0,0,0,0.0,0.0,,,01:30:00,,,NaN,NaN,NaN,NaN,NaN,NaN,NaN
,0.0,0.0,0,0,0.0,0.0,,,01:32:00,,,NaN,NaN,NaN,NaN,NaN,NaN,NaN
,0.0,0.0,0,0,0.0,0.0,,,01:34:00,,,NaN,NaN,NaN,NaN,NaN,NaN,NaN
,0.0,0.0,0,0,0.0,0.0,,,01:36:00,,,NaN,NaN,NaN,NaN,NaN,NaN,NaN
,0.0,0.0,0,0,0.0,0.0,,,01:38:00,,,NaN,NaN,NaN,NaN,NaN,NaN,NaN
,0.0,0.0,0,0,0.0,0.0,,,01:40:00,,,NaN,NaN,NaN,NaN,NaN,NaN,NaN
,0.0,0.0,0,0,0.0,0.0,,,01:42:00,,,NaN,NaN,NaN,NaN,NaN,NaN,NaN
,0.0,0.0,0,0,0.0,0.0,,,01:44:00,,,NaN,NaN,NaN,NaN,NaN,NaN,NaN
,0.0,0.0,0,0,0.0,0.0,,,01:46:00,,,NaN,NaN,NaN,NaN,NaN,NaN,NaN
,0.0,0.0,0,0,0.0,0.0,,,01:48:00,,,NaN,NaN,NaN,NaN,NaN,NaN,NaN
,0.0,0.0,0,0,0.0,0.0,,,01:50:00,,,NaN,NaN,NaN,NaN,NaN,NaN,NaN
,0.0,0.0,0,0,0.0,0.0,,,01:52:00,,,NaN,NaN,NaN,NaN,NaN,NaN,NaN
,0.0,0.0,0,0,0.0,0.0,,,01:54:00,,,NaN,NaN,NaN,NaN,NaN,NaN,NaN
,0.0,0.0,0,0,0.0,0.0,,,01:56:00,,,NaN,NaN,NaN,NaN,NaN,NaN,NaN
,0.0,0.0,0,0,0.0,0.0,,,01:58:00,,,NaN,NaN,NaN,NaN,NaN,NaN,NaN
,0.0,0.0,0,0,0.0,0.0,,,02:00:00,,,NaN,NaN,NaN,NaN,NaN,NaN,NaN
,0.0,0.0,0,0,0.0,0.0,,,02:02:00,,,NaN,NaN,NaN,NaN,NaN,NaN,NaN
,0.0,0.0,0,0,0.0,0.0,,,02:04:00,,,NaN,NaN,NaN,NaN,NaN,NaN,NaN
,0.0,0.0,0,0,0.0,0.0,,,02:06:00,,,NaN,NaN,NaN,NaN,NaN,NaN,NaN
,0.0,0.0,0,0,0.0,0.0,,,02:08:00,,,NaN,NaN,NaN,NaN,NaN,NaN,NaN
,0.0,0.0,0,0,0.0,0.0,,,02:10:00,,,NaN,NaN,NaN,NaN,NaN,NaN,NaN
,0.0,0.0,0,0,0.0,0.0,,,02:12:00,,,NaN,NaN,NaN,NaN,NaN,NaN,NaN
,0.0,0.0,0,0,0.0,0.0,,,02:14:00,,,NaN,NaN,NaN,NaN,NaN,NaN,NaN
,0.0,0.0,0,0,0.0,0.0,,,02:16:00,,,NaN,NaN,NaN,NaN,NaN,NaN,NaN
,0.0,0.0,0,0,0.0,0.0,,,02:18:00,,,NaN,NaN,NaN,NaN,NaN,NaN,NaN
,0.0,0.0,0,0,0.0,0.0,,,02:20:00,,,NaN,NaN,NaN,NaN,NaN,NaN,NaN
,0.0,0.0,0,0,0.0,0.0,,,02:22:00,,,NaN,NaN,NaN,NaN,NaN,NaN,NaN
,0.0,0.0,0,0,0.0,0.0,,,02:24:00,,,NaN,NaN,NaN,NaN,NaN,NaN,NaN
,0.0,0.0,0,0,0.0,0.0,,,02:26:00,,,NaN,NaN,NaN,NaN,NaN,NaN,NaN
,0.0,0.0,0,0,0.0,0.0,,,02:28:00,,,NaN,NaN,NaN,NaN,NaN,NaN,NaN
,0.0,0.0,0,0,0.0,0.0,,,02:30:00,,,NaN,NaN,NaN,NaN,NaN,NaN,NaN
,0.0,0.0,0,0,0.0,0.0,,,02:32:00,,,NaN,NaN,NaN,NaN,NaN,NaN,NaN
,0.0,0.0,0,0,0.0,0.0,,,02:34:00,,,NaN,NaN,NaN,NaN,NaN,NaN,NaN
,0.0,0.0,0,0,0.0,0.0,,,02:36:00,,,NaN,NaN,NaN,NaN,NaN,NaN,NaN
,0.0,0.0,0,0,0.0,0.0,,,02:38:00,,,NaN,NaN,NaN,NaN,NaN,NaN,NaN
,0.0,0.0,0,0,0.0,0.0,,,02:40:00,,,NaN,NaN,NaN,NaN,NaN,NaN,NaN
,0.0,0.0,0,0,0.0,0.0,,,02:42:00,,,NaN,NaN,NaN,NaN,NaN,NaN,NaN
,0.0,0.0,0,0,0.0,0.0,,,02:44:00,,,NaN,NaN,NaN,NaN,NaN,NaN,NaN
,0.0,0.0,0,0,0.0,0.0,,,02:46:00,,,NaN,NaN,NaN,NaN,NaN,NaN,NaN
,0.0,0.0,0,0,0.0,0.0,,,02:48:00,,,NaN,NaN,NaN,NaN,NaN,NaN,NaN
,0.0,0.0,0,0,0.0,0.0,,,02:50:00,,,NaN,NaN,NaN,NaN,NaN,NaN,NaN
,0.0,0.0,0,0,0.0,0.0,,,02:52:00,,,NaN,NaN,NaN,NaN,NaN,NaN,NaN
,0.0,0.0,0,0,0.0,0.0,,,02:54:00,,,NaN,NaN,NaN,NaN,NaN,NaN,NaN
,0.0,0.0,0,0,0.0,0.0,,,02:56:00,,,NaN,NaN,NaN,NaN,NaN,NaN,NaN
,0.0,0.0,0,0,0.0,0.0,,,02:58:00,,,NaN,NaN,NaN,NaN,NaN,NaN,NaN
,0.0,0.0,0,0,0.0,0.0,,,03:00:00,,,NaN,NaN,NaN,NaN,NaN,NaN,NaN
,0.0,0.0,0,0,0.0,0.0,,,03:02:00,,,NaN,NaN,NaN,NaN,NaN,NaN,NaN
,0.0,0.0,0,0,0.0,0.0,,,03:04:00,,,NaN,NaN,NaN,NaN,NaN,NaN,NaN
,0.0,0.0,0,0,0.0,0.0,,,03:06:00,,,NaN,NaN,NaN,NaN,NaN,NaN,NaN
,0.0,0.0,0,0,0.0,0.0,,,03:08:00,,,NaN,NaN,NaN,NaN,NaN,NaN,NaN
,0.0,0.0,0,0,0.0,0.0,,,03:10:00,,,NaN,NaN,NaN,NaN,NaN,NaN,NaN
,0.0,0.0,0,0,0.0,0.0,,,03:12:00,,,NaN,NaN,NaN,NaN,NaN,NaN,NaN
,0.0,0.0,0,0,0.0,0.0,,,03:14:00,,,NaN,NaN,NaN,NaN,NaN,NaN,NaN
,0.0,0.0,0,0,0.0,0.0,,,03:16:00,,,NaN,NaN,NaN,NaN,NaN,NaN,NaN
,0.0,0.0,0,0,0.0,0.0,,,03:18:00,,,NaN,NaN,NaN,NaN,NaN,NaN,NaN
,0.0,0.0,0,0,0.0,0.0,,,03:20:00,,,NaN,NaN,NaN,NaN,NaN,NaN,NaN
,0.0,0.0,0,0,0.0,0.0,,,03:22:00,,,NaN,NaN,NaN,NaN,NaN,NaN,NaN
,0.0,0.0,0,0,0.0,0.0,,,03:24:00,,,NaN,NaN,NaN,NaN,NaN,NaN,NaN
,0.0,0.0,0,0,0.0,0.0,,,03:26:00,,,NaN,NaN,NaN,NaN,NaN,NaN,NaN
,0.0,0.0,0,0,0.0,0.0,,,03:28:00,,,NaN,NaN,NaN,NaN,NaN,NaN,NaN
,0.0,0.0,0,0,0.0,0.0,,,03:30:00,,,NaN,NaN,NaN,NaN,NaN,NaN,NaN
,0.0,0.0,0,0,0.0,0.0,,,03:32:00,,,NaN,NaN,NaN,NaN,NaN,NaN,NaN
,0.0,0.0,0,0,0.0,0.0,,,03:34:00,,,NaN,NaN,NaN,NaN,NaN,NaN,NaN
,0.0,0.0,0,0,0.0,0.0,,,03:36:00,,,NaN,NaN,NaN,NaN,NaN,NaN,NaN
,0.0,0.0,0,0,0.0,0.0,,,03:38:00,,,NaN,NaN,NaN,NaN,NaN,NaN,NaN
,0.0,0.0,0,0,0.0,0.0,,,03:40:00,,,NaN,NaN,NaN,NaN,NaN,NaN,NaN
,0.0,0.0,0,0,0.0,0.0,,,03:42:00,,,NaN,NaN,NaN,NaN,NaN,NaN,NaN
,0.0,0.0,0,0,0.0,0.0,,,03:44:00,,,NaN,NaN,NaN,NaN,NaN,NaN,NaN
,0.0,0.0,0,0,0.0,0.0,,,03:46:00,,,NaN,NaN,NaN,NaN,NaN,NaN,NaN
,0.0,0.0,0,0,0.0,0.0,,,03:48:00,,,NaN,NaN,NaN,NaN,NaN,NaN,NaN
,0.0,0.0,0,0,0.0,0.0,,,03:50:00,,,NaN,NaN,NaN,NaN,NaN,NaN,NaN
,0.0,0.0,0,0,0.0,0.0,,,03:52:00,,,NaN,NaN,NaN,NaN,NaN,NaN,NaN
,0.0,0.0,0,0,0.0,0.0,,,03:54:00,,,NaN,NaN,NaN,NaN,NaN,NaN,NaN
,0.0,0.0,0,0,0.0,0.0,,,03:56:00,,,NaN,NaN,NaN,NaN,NaN,NaN,NaN
,0.0,0.0,0,0,0.0,0.0,,,03:58:00,,,NaN,NaN,NaN,NaN,NaN,NaN,NaN
,0.0,0.0,0,0,0.0,0.0,,,04:00:00,,,NaN,NaN,NaN,NaN,NaN,NaN,NaN
,0.0,0.0,0,0,0.0,0.0,,,04:02:00,,,NaN,NaN,NaN,NaN,NaN,NaN,NaN
,0.0,0.0,0,0,0.0,0.0,,,04:04:00,,,NaN,NaN,NaN,NaN,NaN,NaN,NaN
,0.0,0.0,0,0,0.0,0.0,,,04:06:00,,,NaN,NaN,NaN,NaN,NaN,NaN,NaN
,0.0,0.0,0,0,0.0,0.0,,,04:08:00,,,NaN,NaN,NaN,NaN,NaN,NaN,NaN
,0.0,0.0,0,0,0.0,0.0,,,04:10:00,,,NaN,NaN,NaN,NaN,NaN,NaN,NaN
,0.0,0.0,0,0,0.0,0.0,,,04:12:00,,,NaN,NaN,NaN,NaN,NaN,NaN,NaN
,0.0,0.0,0,0,0.0,0.0,,,04:14:00,,,NaN,NaN,NaN,NaN,NaN,NaN,NaN
,0.0,0.0,0,0,0.0,0.0,,,04:16:00,,,NaN,NaN,NaN,NaN,NaN,NaN,NaN
,0.0,0.0,0,0,0.0,0.0,,,04:18:00,,,NaN,NaN,NaN,NaN,NaN,NaN,NaN
,0.0,0.0,0,0,0.0,0.0,,,04:20:00,,,NaN,NaN,NaN,NaN,NaN,NaN,NaN
,0.0,0.0,0,0,0.0,0.0,,,04:22:00,,,NaN,NaN,NaN,NaN,NaN,NaN,NaN
,0.0,0.0,0,0,0.0,0.0,,,04:24:00,,,NaN,NaN,NaN,NaN,NaN,NaN,NaN
,0.0,0.0,0,0,0.0,0.0,,,04:26:00,,,NaN,NaN,NaN,NaN,NaN,NaN,NaN
,0.0,0.0,0,0,0.0,0.0,,,04:28:00,,,NaN,NaN,NaN,NaN,NaN,NaN,NaN
,0.0,0.0,0,0,0.0,0.0,,,04:30:00,,,NaN,NaN,NaN,NaN,NaN,NaN,NaN
,0.0,0.0,0,0,0.0,0.0,,,04:32:00,,,NaN,NaN,NaN,NaN,NaN,NaN,NaN
,0.0,0.0,0,0,0.0,0.0,,,04:34:00,,,NaN,NaN,NaN,NaN,NaN,NaN,NaN
,0.0,0.0,0,0,0.0,0.0,,,04:36:00,,,NaN,NaN,NaN,NaN,NaN,NaN,NaN
,0.0,0.0,0,0,0.0,0.0,,,04:38:00,,,NaN,NaN,NaN,NaN,NaN,NaN,NaN
,0.0,0.0,0,0,0.0,0.0,,,04:40:00,,,NaN,NaN,NaN,NaN,NaN,NaN,NaN
,0.0,0.0,0,0,0.0,0.0,,,04:42:00,,,NaN,NaN,NaN,NaN,NaN,NaN,NaN
,0.0,0.0,0,0,0.0,0.0,,,04:44:00,,,NaN,NaN,NaN,NaN,NaN,NaN,NaN
,0.0,0.0,0,0,0.0,0.0,,,04:46:00,,,NaN,NaN,NaN,NaN,NaN,NaN,NaN
,0.0,0.0,0,0,0.0,0.0,,,04:48:00,,,NaN,NaN,NaN,NaN,NaN,NaN,NaN
,0.0,0.0,0,0,0.0,0.0,,,04:50:00,,,NaN,NaN,NaN,NaN,NaN,NaN,NaN
,0.0,0.0,0,0,0.0,0.0,,,04:52:00,,,NaN,NaN,NaN,NaN,NaN,NaN,NaN
,0.0,0.0,0,0,0.0,0.0,,,04:54:00,,,NaN,NaN,NaN,NaN,NaN,NaN,NaN
,0.0,0.0,0,0,0.0,0.0,,,04:56:00,,,NaN,NaN,NaN,NaN,NaN,NaN,NaN
,0.0,0.0,0,0,0.0,0.0,,,04:58:00,,,NaN,NaN,NaN,NaN,NaN,NaN,NaN
,0.0,0.0,0,0,0.0,0.0,,,05:00:00,,,NaN,NaN,NaN,NaN,NaN,NaN,NaN
,0.0,0.0,0,0,0.0,0.0,,,05:02:00,,,NaN,NaN,NaN,NaN,NaN,NaN,NaN
,0.0,0.0,0,0,0.0,0.0,,,05:04:00,,,NaN,NaN,NaN,NaN,NaN,NaN,NaN
,0.0,0.0,0,0,0.0,0.0,,,05:06:00,,,NaN,NaN,NaN,NaN,NaN,NaN,NaN
,0.0,0.0,0,0,0.0,0.0,,,05:08:00,,,NaN,NaN,NaN,NaN,NaN,NaN,NaN
,0.0,0.0,0,0,0.0,0.0,,,05:10:00,,,NaN,NaN,NaN,NaN,NaN,NaN,NaN
,0.0,0.0,0,0,0.0,0.0,,,05:12:00,,,NaN,NaN,NaN,NaN,NaN,NaN,NaN
,0.0,0.0,0,0,0.0,0.0,,,05:14:00,,,NaN,NaN,NaN,NaN,NaN,NaN,NaN
,0.0,0.0,0,0,0.0,0.0,,,05:16:00,,,NaN,NaN,NaN,NaN,NaN,NaN,NaN
,0.0,0.0,0,0,0.0,0.0,,,05:18:00,,,NaN,NaN,NaN,NaN,NaN,NaN,NaN
,0.0,0.0,0,0,0.0,0.0,,,05:20:00,,,NaN,NaN,NaN,NaN,NaN,NaN,NaN
,0.0,0.0,0,0,0.0,0.0,,,05:22:00,,,NaN,NaN,NaN,NaN,NaN,NaN,NaN
,0.0,0.0,0,0,0.0,0.0,,,05:24:00,,,NaN,NaN,NaN,NaN,NaN,NaN,NaN
,0.0,0.0,0,0,0.0,0.0,,,05:26:00,,,NaN,NaN,NaN,NaN,NaN,NaN,NaN
,0.0,0.0,0,0,0.0,0.0,,,05:28:00,,,NaN,NaN,NaN,NaN,NaN,NaN,NaN
,0.0,0.0,0,0,0.0,0.0,,,05:30:00,,,NaN,NaN,NaN,NaN,NaN,NaN,NaN
,0.0,0.0,0,0,0.0,0.0,,,05:32:00,,,NaN,NaN,NaN,NaN,NaN,NaN,NaN
,0.0,0.0,0,0,0.0,0.0,,,05:34:00,,,NaN,NaN,NaN,NaN,NaN,NaN,NaN
,0.0,0.0,0,0,0.0,0.0,,,05:36:00,,,NaN,NaN,NaN,NaN,NaN,NaN,NaN
,0.0,0.0,0,0,0.0,0.0,,,05:38:00,,,NaN,NaN,NaN,NaN,NaN,NaN,NaN
,0.0,0.0,0,0,0.0,0.0,,,05:40:00,,,NaN,NaN,NaN,NaN,NaN,NaN,NaN
,0.0,0.0,0,0,0.0,0.0,,,05:42:00,,,NaN,NaN,NaN,NaN,NaN,NaN,NaN
,0.0,0.0,0,0,0.0,0.0,,,05:44:00,,,NaN,NaN,NaN,NaN,NaN,NaN,NaN
,0.0,0.0,0,0,0.0,0.0,,,05:46:00,,,NaN,NaN,NaN,NaN,NaN,NaN,NaN
,0.0,0.0,0,0,0.0,0.0,,,05:48:00,,,NaN,NaN,NaN,NaN,NaN,NaN,NaN
,0.0,0.0,0,0,0.0,0.0,,,05:50:00,,,NaN,NaN,NaN,NaN,NaN,NaN,NaN
,0.0,0.0,0,0,0.0,0.0,,,05:52:00,,,NaN,NaN,NaN,NaN,NaN,NaN,NaN
,0.0,0.0,0,0,0.0,0.0,,,05:54:00,,,NaN,NaN,NaN,NaN,NaN,NaN,NaN
,0.0,0.0,0,0,0.0,0.0,,,05:56:00,,,NaN,NaN,NaN,NaN,NaN,NaN,NaN
,0.0,0.0,0,0,0.0,0.0,,,05:58:00,,,NaN,NaN,NaN,NaN,NaN,NaN,NaN
,0.0,0.0,0,0,0.0,0.0,,,06:00:00,,,NaN,NaN,NaN,NaN,NaN,NaN,NaN
,0.0,0.0,0,0,0.0,0.0,,,06:02:00,,,NaN,NaN,NaN,NaN,NaN,NaN,NaN
,0.0,0.0,0,0,0.0,0.0,,,06:04:00,,,NaN,NaN,NaN,NaN,NaN,NaN,NaN
,0.0,0.0,0,0,0.0,0.0,,,06:06:00,,,NaN,NaN,NaN,NaN,NaN,NaN,NaN
,0.0,0.0,0,0,0.0,0.0,,,06:08:00,,,NaN,NaN,NaN,NaN,NaN,NaN,NaN
,0.0,0.0,0,0,0.0,0.0,,,06:10:00,,,NaN,NaN,NaN,NaN,NaN,NaN,NaN
,0.0,0.0,0,0,0.0,0.0,,,06:12:00,,,NaN,NaN,NaN,NaN,NaN,NaN,NaN
,0.0,0.0,0,0,0.0,0.0,,,06:14:00,,,NaN,NaN,NaN,NaN,NaN,NaN,NaN
,0.0,0.0,0,0,0.0,0.0,,,06:16:00,,,NaN,NaN,NaN,NaN,NaN,NaN,NaN
,0.0,0.0,0,0,0.0,0.0,,,06:18:00,,,NaN,NaN,NaN,NaN,NaN,NaN,NaN
,0.0,0.0,0,0,0.0,0.0,,,06:20:00,,,NaN,NaN,NaN,NaN,NaN,NaN,NaN
,0.0,0.0,0,0,0.0,0.0,,,06:22:00,,,NaN,NaN,NaN,NaN,NaN,NaN,NaN
,0.0,0.0,0,0,0.0,0.0,,,06:24:00,,,NaN,NaN,NaN,NaN,NaN,NaN,NaN
,0.0,0.0,0,0,0.0,0.0,,,06:26:00,,,NaN,NaN,NaN,NaN,NaN,NaN,NaN
,0.0,0.0,0,0,0.0,0.0,,,06:28:00,,,NaN,NaN,NaN,NaN,NaN,NaN,NaN
,0.0,0.0,0,0,0.0,0.0,,,06:30:00,,,NaN,NaN,NaN,NaN,NaN,NaN,NaN
,0.0,0.0,0,0,0.0,0.0,,,06:32:00,,,NaN,NaN,NaN,NaN,NaN,NaN,NaN
,0.0,0.0,0,0,0.0,0.0,,,06:34:00,,,NaN,NaN,NaN,NaN,NaN,NaN,NaN
,0.0,0.0,0,0,0.0,0.0,,,06:36:00,,,NaN,NaN,NaN,NaN,NaN,NaN,NaN
,0.0,0.0,0,0,0.0,0.0,,,06:38:00,,,NaN,NaN,NaN,NaN,NaN,NaN,NaN
,0.0,0.0,0,0,0.0,0.0,,,06:40:00,,,NaN,NaN,NaN,NaN,NaN,NaN,NaN
,0.0,0.0,0,0,0.0,0.0,,,06:42:00,,,NaN,NaN,NaN,NaN,NaN,NaN,NaN
,0.0,0.0,0,0,0.0,0.0,,,06:44:00,,,NaN,NaN,NaN,NaN,NaN,NaN,NaN
,0.0,0.0,0,0,0.0,0.0,,,06:46:00,,,NaN,NaN,NaN,NaN,NaN,NaN,NaN
,0.0,0.0,0,0,0.0,0.0,,,06:48:00,,,NaN,NaN,NaN,NaN,NaN,NaN,NaN
,0.0,0.0,0,0,0.0,0.0,,,06:50:00,,,NaN,NaN,NaN,NaN,NaN,NaN,NaN
,0.0,0.0,0,0,0.0,0.0,,,06:52:00,,,NaN,NaN,NaN,NaN,NaN,NaN,NaN
,0.0,0.0,0,0,0.0,0.0,,,06:54:00,,,NaN,NaN,NaN,NaN,NaN,NaN,NaN
,0.0,0.0,0,0,0.0,0.0,,,06:56:00,,,NaN,NaN,NaN,NaN,NaN,NaN,NaN
,0.0,0.0,0,0,0.0,0.0,,,06:58:00,,,NaN,NaN,NaN,NaN,NaN,NaN,NaN
,0.0,0.0,0,0,0.0,0.0,,,07:00:00,,,NaN,NaN,NaN,NaN,NaN,NaN,NaN
,0.0,0.0,0,0,0.0,0.0,,,07:02:00,,,NaN,NaN,NaN,NaN,NaN,NaN,NaN
,0.0,0.0,0,0,0.0,0.0,,,07:04:00,,,NaN,NaN,NaN,NaN,NaN,NaN,NaN
,0.0,0.0,0,0,0.0,0.0,,,07:06:00,,,NaN,NaN,NaN,NaN,NaN,NaN,NaN
,0.0,0.0,0,0,0.0,0.0,,,07:08:00,,,NaN,NaN,NaN,NaN,NaN,NaN,NaN
,0.0,0.0,0,0,0.0,0.0,,,07:10:00,,,NaN,NaN,NaN,NaN,NaN,NaN,NaN
,0.0,0.0,0,0,0.0,0.0,,,07:12:00,,,NaN,NaN,NaN,NaN,NaN,NaN,NaN
,0.0,0.0,0,0,0.0,0.0,,,07:14:00,,,NaN,NaN,NaN,NaN,NaN,NaN,NaN
,0.0,0.0,0,0,0.0,0.0,,,07:16:00,,,NaN,NaN,NaN,NaN,NaN,NaN,NaN
,0.0,0.0,0,0,0.0,0.0,,,07:18:00,,,NaN,NaN,NaN,NaN,NaN,NaN,NaN
,0.0,0.0,0,0,0.0,0.0,,,07:20:00,,,NaN,NaN,NaN,NaN,NaN,NaN,NaN
,0.0,0.0,0,0,0.0,0.0,,,07:22:00,,,NaN,NaN,NaN,NaN,NaN,NaN,NaN
,0.0,0.0,0,0,0.0,0.0,,,07:24:00,,,NaN,NaN,NaN,NaN,NaN,NaN,NaN
,0.0,0.0,0,0,0.0,0.0,,,07:26:00,,,NaN,NaN,NaN,NaN,NaN,NaN,NaN
,0.0,0.0,0,0,0.0,0.0,,,07:28:00,,,NaN,NaN,NaN,NaN,NaN,NaN,NaN
,0.0,0.0,0,0,0.0,0.0,,,07:30:00,,,NaN,NaN,NaN,NaN,NaN,NaN,NaN
,0.0,0.0,0,0,0.0,0.0,,,07:32:00,,,NaN,NaN,NaN,NaN,NaN,NaN,NaN
,0.0,0.0,0,0,0.0,0.0,,,07:34:00,,,NaN,NaN,NaN,NaN,NaN,NaN,NaN
,0.0,0.0,0,0,0.0,0.0,,,07:36:00,,,NaN,NaN,NaN,NaN,NaN,NaN,NaN
,0.0,0.0,0,0,0.0,0.0,,,07:38:00,,,NaN,NaN,NaN,NaN,NaN,NaN,NaN
,0.0,0.0,0,0,0.0,0.0,,,07:40:00,,,NaN,NaN,NaN,NaN,NaN,NaN,NaN
,0.0,0.0,0,0,0.0,0.0,,,07:42:00,,,NaN,NaN,NaN,NaN,NaN,NaN,NaN
,0.0,0.0,0,0,0.0,0.0,,,07:44:00,,,NaN,NaN,NaN,NaN,NaN,NaN,NaN
,0.0,0.0,0,0,0.0,0.0,,,07:46:00,,,NaN,NaN,NaN,NaN,NaN,NaN,NaN
,0.0,0.0,0,0,0.0,0.0,,,07:48:00,,,NaN,NaN,NaN,NaN,NaN,NaN,NaN
,0.0,0.0,0,0,0.0,0.0,,,07:50:00,,,NaN,NaN,NaN,NaN,NaN,NaN,NaN
,0.0,0.0,0,0,0.0,0.0,,,07:52:00,,,NaN,NaN,NaN,NaN,NaN,NaN,NaN
,0.0,0.0,0,0,0.0,0.0,,,07:54:00,,,NaN,NaN,NaN,NaN,NaN,NaN,NaN
,0.0,0.0,0,0,0.0,0.0,,,07:56:00,,,NaN,NaN,NaN,NaN,NaN,NaN,NaN
,0.0,0.0,0,0,0.0,0.0,,,07:58:00,,,NaN,NaN,NaN,NaN,NaN,NaN,NaN
,0.0,0.0,0,0,0.0,0.0,,,08:00:00,,,NaN,NaN,NaN,NaN,NaN,NaN,NaN
,0.0,0.0,0,0,0.0,0.0,,,08:02:00,,,NaN,NaN,NaN,NaN,NaN,NaN,NaN
,0.0,0.0,0,0,0.0,0.0,,,08:04:00,,,NaN,NaN,NaN,NaN,NaN,NaN,NaN
,0.0,0.0,0,0,0.0,0.0,,,08:06:00,,,NaN,NaN,NaN,NaN,NaN,NaN,NaN
,0.0,0.0,0,0,0.0,0.0,,,08:08:00,,,NaN,NaN,NaN,NaN,NaN,NaN,NaN
,0.0,0.0,0,0,0.0,0.0,,,08:10:00,,,NaN,NaN,NaN,NaN,NaN,NaN,NaN
,0.0,0.0,0,0,0.0,0.0,,,08:12:00,,,NaN,NaN,NaN,NaN,NaN,NaN,NaN
,0.0,0.0,0,0,0.0,0.0,,,08:14:00,,,NaN,NaN,NaN,NaN,NaN,NaN,NaN
,0.0,0.0,0,0,0.0,0.0,,,08:16:00,,,NaN,NaN,NaN,NaN,NaN,NaN,NaN
,0.0,0.0,0,0,0.0,0.0,,,08:18:00,,,NaN,NaN,NaN,NaN,NaN,NaN,NaN
,0.0,0.0,0,0,0.0,0.0,,,08:20:00,,,NaN,NaN,NaN,NaN,NaN,NaN,NaN
,0.0,0.0,0,0,0.0,0.0,,,08:22:00,,,NaN,NaN,NaN,NaN,NaN,NaN,NaN
,0.0,0.0,0,0,0.0,0.0,,,08:24:00,,,NaN,NaN,NaN,NaN,NaN,NaN,NaN
,0.0,0.0,0,0,0.0,0.0,,,08:26:00,,,NaN,NaN,NaN,NaN,NaN,NaN,NaN
,0.0,0.0,0,0,0.0,0.0,,,08:28:00,,,NaN,NaN,NaN,NaN,NaN,NaN,NaN
,0.0,0.0,0,0,0.0,0.0,,,08:30:00,,,NaN,NaN,NaN,NaN,NaN,NaN,NaN
,0.0,0.0,0,0,0.0,0.0,,,08:32:00,,,NaN,NaN,NaN,NaN,NaN,NaN,NaN
,0.0,0.0,0,0,0.0,0.0,,,08:34:00,,,NaN,NaN,NaN,NaN,NaN,NaN,NaN
,0.0,0.0,0,0,0.0,0.0,,,08:36:00,,,NaN,NaN,NaN,NaN,NaN,NaN,NaN
,0.0,0.0,0,0,0.0,0.0,,,08:38:00,,,NaN,NaN,NaN,NaN,NaN,NaN,NaN
,0.0,0.0,0,0,0.0,0.0,,,08:40:00,,,NaN,NaN,NaN,NaN,NaN,NaN,NaN
,0.0,0.0,0,0,0.0,0.0,,,08:42:00,,,NaN,NaN,NaN,NaN,NaN,NaN,NaN
,0.0,0.0,0,0,0.0,0.0,,,08:44:00,,,NaN,NaN,NaN,NaN,NaN,NaN,NaN
,0.0,0.0,0,0,0.0,0.0,,,08:46:00,,,NaN,NaN,NaN,NaN,NaN,NaN,NaN
,0.0,0.0,0,0,0.0,0.0,,,08:48:00,,,NaN,NaN,NaN,NaN,NaN,NaN,NaN
,0.0,0.0,0,0,0.0,0.0,,,08:50:00,,,NaN,NaN,NaN,NaN,NaN,NaN,NaN
,0.0,0.0,0,0,0.0,0.0,,,08:52:00,,,NaN,NaN,NaN,NaN,NaN,NaN,NaN
,0.0,0.0,0,0,0.0,0.0,,,08:54:00,,,NaN,NaN,NaN,NaN,NaN,NaN,NaN
,0.0,0.0,0,0,0.0,0.0,,,08:56:00,,,NaN,NaN,NaN,NaN,NaN,NaN,NaN
,0.0,0.0,0,0,0.0,0.0,,,08:58:00,,,NaN,NaN,NaN,NaN,NaN,NaN,NaN
,0.0,0.0,0,0,0.0,0.0,,,09:00:00,,,NaN,NaN,NaN,NaN,NaN,NaN,NaN
,0.0,0.0,0,0,0.0,0.0,,,09:02:00,,,NaN,NaN,NaN,NaN,NaN,NaN,NaN
,0.0,0.0,0,0,0.0,0.0,,,09:04:00,,,NaN,NaN,NaN,NaN,NaN,NaN,NaN
,0.0,0.0,0,0,0.0,0.0,,,09:06:00,,,NaN,NaN,NaN,NaN,NaN,NaN,NaN
,0.0,0.0,0,0,0.0,0.0,,,09:08:00,,,NaN,NaN,NaN,NaN,NaN,NaN,NaN
,0.0,0.0,0,0,0.0,0.0,,,09:10:00,,,NaN,NaN,NaN,NaN,NaN,NaN,NaN
,0.0,0.0,0,0,0.0,0.0,,,09:12:00,,,NaN,NaN,NaN,NaN,NaN,NaN,NaN
,0.0,0.0,0,0,0.0,0.0,,,09:14:00,,,NaN,NaN,NaN,NaN,NaN,NaN,NaN
,0.0,0.0,0,0,0.0,0.0,,,09:16:00,,,NaN,NaN,NaN,NaN,NaN,NaN,NaN
,0.0,0.0,0,0,0.0,0.0,,,09:18:00,,,NaN,NaN,NaN,NaN,NaN,NaN,NaN
,0.0,0.0,0,0,0.0,0.0,,,09:20:00,,,NaN,NaN,NaN,NaN,NaN,NaN,NaN
,0.0,0.0,0,0,0.0,0.0,,,09:22:00,,,NaN,NaN,NaN,NaN,NaN,NaN,NaN
,0.0,0.0,0,0,0.0,0.0,,,09:24:00,,,NaN,NaN,NaN,NaN,NaN,NaN,NaN
,0.0,0.0,0,0,0.0,0.0,,,09:26:00,,,NaN,NaN,NaN,NaN,NaN,NaN,NaN
,0.0,0.0,0,0,0.0,0.0,,,09:28:00,,,NaN,NaN,NaN,NaN,NaN,NaN,NaN
,0.0,0.0,0,0,0.0,0.0,,,09:30:00,,,NaN,NaN,NaN,NaN,NaN,NaN,NaN
,0.0,0.0,0,0,0.0,0.0,,,09:32:00,,,NaN,NaN,NaN,NaN,NaN,NaN,NaN
,0.0,0.0,0,0,0.0,0.0,,,09:34:00,,,NaN,NaN,NaN,NaN,NaN,NaN,NaN
,0.0,0.0,0,0,0.0,0.0,,,09:36:00,,,NaN,NaN,NaN,NaN,NaN,NaN,NaN
,0.0,0.0,0,0,0.0,0.0,,,09:38:00,,,NaN,NaN,NaN,NaN,NaN,NaN,NaN
,0.0,0.0,0,0,0.0,0.0,,,09:40:00,,,NaN,NaN,NaN,NaN,NaN,NaN,NaN
,0.0,0.0,0,0,0.0,0.0,,,09:42:00,,,NaN,NaN,NaN,NaN,NaN,NaN,NaN
,0.0,0.0,0,0,0.0,0.0,,,09:44:00,,,NaN,NaN,NaN,NaN,NaN,NaN,NaN
,0.0,0.0,0,0,0.0,0.0,,,09:46:00,,,NaN,NaN,NaN,NaN,NaN,NaN,NaN
,0.0,0.0,0,0,0.0,0.0,,,09:48:00,,,NaN,NaN,NaN,NaN,NaN,NaN,NaN
,0.0,0.0,0,0,0.0,0.0,,,09:50:00,,,NaN,NaN,NaN,NaN,NaN,NaN,NaN
,0.0,0.0,0,0,0.0,0.0,,,09:52:00,,,NaN,NaN,NaN,NaN,NaN,NaN,NaN
,0.0,0.0,0,0,0.0,0.0,,,09:54:00,,,NaN,NaN,NaN,NaN,NaN,NaN,NaN
,0.0,0.0,0,0,0.0,0.0,,,09:56:00,,,NaN,NaN,NaN,NaN,NaN,NaN,NaN
,0.0,0.0,0,0,0.0,0.0,,,09:58:00,,,NaN,NaN,NaN,NaN,NaN,NaN,NaN
,0.0,0.0,0,0,0.0,0.0,,,10:00:00,,,NaN,NaN,NaN,NaN,NaN,NaN,NaN
,0.0,0.0,0,0,0.0,0.0,,,10:02:00,,,NaN,NaN,NaN,NaN,NaN,NaN,NaN
,0.0,0.0,0,0,0.0,0.0,,,10:04:00,,,NaN,NaN,NaN,NaN,NaN,NaN,NaN
,0.0,0.0,0,0,0.0,0.0,,,10:06:00,,,NaN,NaN,NaN,NaN,NaN,NaN,NaN
,0.0,0.0,0,0,0.0,0.0,,,10:08:00,,,NaN,NaN,NaN,NaN,NaN,NaN,NaN
,0.0,0.0,0,0,0.0,0.0,,,10:10:00,,,NaN,NaN,NaN,NaN,NaN,NaN,NaN
,0.0,0.0,0,0,0.0,0.0,,,10:12:00,,,NaN,NaN,NaN,NaN,NaN,NaN,NaN
,0.0,0.0,0,0,0.0,0.0,,,10:14:00,,,NaN,NaN,NaN,NaN,NaN,NaN,NaN
,0.0,0.0,0,0,0.0,0.0,,,10:16:00,,,NaN,NaN,NaN,NaN,NaN,NaN,NaN
,0.0,0.0,0,0,0.0,0.0,,,10:18:00,,,NaN,NaN,NaN,NaN,NaN,NaN,NaN
,0.0,0.0,0,0,0.0,0.0,,,10:20:00,,,NaN,NaN,NaN,NaN,NaN,NaN,NaN
,0.0,0.0,0,0,0.0,0.0,,,10:22:00,,,NaN,NaN,NaN,NaN,NaN,NaN,NaN
,0.0,0.0,0,0,0.0,0.0,,,10:24:00,,,NaN,NaN,NaN,NaN,NaN,NaN,NaN
,0.0,0.0,0,0,0.0,0.0,,,10:26:00,,,NaN,NaN,NaN,NaN,NaN,NaN,NaN
,0.0,0.0,0,0,0.0,0.0,,,10:28:00,,,NaN,NaN,NaN,NaN,NaN,NaN,NaN
,0.0,0.0,0,0,0.0,0.0,,,10:30:00,,,NaN,NaN,NaN,NaN,NaN,NaN,NaN
,0.0,0.0,0,0,0.0,0.0,,,10:32:00,,,NaN,NaN,NaN,NaN,NaN,NaN,NaN
,0.0,0.0,0,0,0.0,0.0,,,10:34:00,,,NaN,NaN,NaN,NaN,NaN,NaN,NaN
,0.0,0.0,0,0,0.0,0.0,,,10:36:00,,,NaN,NaN,NaN,NaN,NaN,NaN,NaN
,0.0,0.0,0,0,0.0,0.0,,,10:38:00,,,NaN,NaN,NaN,NaN,NaN,NaN,NaN
,0.0,0.0,0,0,0.0,0.0,,,10:40:00,,,NaN,NaN,NaN,NaN,NaN,NaN,NaN
,0.0,0.0,0,0,0.0,0.0,,,10:42:00,,,NaN,NaN,NaN,NaN,NaN,NaN,NaN
,0.0,0.0,0,0,0.0,0.0,,,10:44:00,,,NaN,NaN,NaN,NaN,NaN,NaN,NaN
,0.0,0.0,0,0,0.0,0.0,,,10:46:00,,,NaN,NaN,NaN,NaN,NaN,NaN,NaN
,0.0,0.0,0,0,0.0,0.0,,,10:48:00,,,NaN,NaN,NaN,NaN,NaN,NaN,NaN
,0.0,0.0,0,0,0.0,0.0,,,10:50:00,,,NaN,NaN,NaN,NaN,NaN,NaN,NaN
,0.0,0.0,0,0,0.0,0.0,,,10:52:00,,,NaN,NaN,NaN,NaN,NaN,NaN,NaN
,0.0,0.0,0,0,0.0,0.0,,,10:54:00,,,NaN,NaN,NaN,NaN,NaN,NaN,NaN
,0.0,0.0,0,0,0.0,0.0,,,10:56:00,,,NaN,NaN,NaN,NaN,NaN,NaN,NaN
,0.0,0.0,0,0,0.0,0.0,,,10:58:00,,,NaN,NaN,NaN,NaN,NaN,NaN,NaN
,0.0,0.0,0,0,0.0,0.0,,,11:00:00,,,NaN,NaN,NaN,NaN,NaN,NaN,NaN
,0.0,0.0,0,0,0.0,0.0,,,11:02:00,,,NaN,NaN,NaN,NaN,NaN,NaN,NaN
,0.0,0.0,0,0,0.0,0.0,,,11:04:00,,,NaN,NaN,NaN,NaN,NaN,NaN,NaN
,0.0,0.0,0,0,0.0,0.0,,,11:06:00,,,NaN,NaN,NaN,NaN,NaN,NaN,NaN
,0.0,0.0,0,0,0.0,0.0,,,11:08:00,,,NaN,NaN,NaN,NaN,NaN,NaN,NaN
,0.0,0.0,0,0,0.0,0.0,,,11:10:00,,,NaN,NaN,NaN,NaN,NaN,NaN,NaN
,0.0,0.0,0,0,0.0,0.0,,,11:12:00,,,NaN,NaN,NaN,NaN,NaN,NaN,NaN
,0.0,0.0,0,0,0.0,0.0,,,11:14:00,,,NaN,NaN,NaN,NaN,NaN,NaN,NaN
,0.0,0.0,0,0,0.0,0.0,,,11:16:00,,,NaN,NaN,NaN,NaN,NaN,NaN,NaN
,0.0,0.0,0,0,0.0,0.0,,,11:18:00,,,NaN,NaN,NaN,NaN,NaN,NaN,NaN
,0.0,0.0,0,0,0.0,0.0,,,11:20:00,,,NaN,NaN,NaN,NaN,NaN,NaN,NaN
,0.0,0.0,0,0,0.0,0.0,,,11:22:00,,,NaN,NaN,NaN,NaN,NaN,NaN,NaN
,0.0,0.0,0,0,0.0,0.0,,,11:24:00,,,NaN,NaN,NaN,NaN,NaN,NaN,NaN
,0.0,0.0,0,0,0.0,0.0,,,11:26:00,,,NaN,NaN,NaN,NaN,NaN,NaN,NaN
,0.0,0.0,0,0,0.0,0.0,,,11:28:00,,,NaN,NaN,NaN,NaN,NaN,NaN,NaN
,0.0,0.0,0,0,0.0,0.0,,,11:30:00,,,NaN,NaN,NaN,NaN,NaN,NaN,NaN
,0.0,0.0,0,0,0.0,0.0,,,11:32:00,,,NaN,NaN,NaN,NaN,NaN,NaN,NaN
,0.0,0.0,0,0,0.0,0.0,,,11:34:00,,,NaN,NaN,NaN,NaN,NaN,NaN,NaN
,0.0,0.0,0,0,0.0,0.0,,,11:36:00,,,NaN,NaN,NaN,NaN,NaN,NaN,NaN
,0.0,0.0,0,0,0.0,0.0,,,11:38:00,,,NaN,NaN,NaN,NaN,NaN,NaN,NaN
,0.0,0.0,0,0,0.0,0.0,,,11:40:00,,,NaN,NaN,NaN,NaN,NaN,NaN,NaN
,0.0,0.0,0,0,0.0,0.0,,,11:42:00,,,NaN,NaN,NaN,NaN,NaN,NaN,NaN
,0.0,0.0,0,0,0.0,0.0,,,11:44:00,,,NaN,NaN,NaN,NaN,NaN,NaN,NaN
,0.0,0.0,0,0,0.0,0.0,,,11:46:00,,,NaN,NaN,NaN,NaN,NaN,NaN,NaN
,0.0,0.0,0,0,0.0,0.0,,,11:48:00,,,NaN,NaN,NaN,NaN,NaN,NaN,NaN
,0.0,0.0,0,0,0.0,0.0,,,11:50:00,,,NaN,NaN,NaN,NaN,NaN,NaN,NaN
,0.0,0.0,0,0,0.0,0.0,,,11:52:00,,,NaN,NaN,NaN,NaN,NaN,NaN,NaN
,0.0,0.0,0,0,0.0,0.0,,,11:54:00,,,NaN,NaN,NaN,NaN,NaN,NaN,NaN
,0.0,0.0,0,0,0.0,0.0,,,11:56:00,,,NaN,NaN,NaN,NaN,NaN,NaN,NaN
"[147.49741362499998, -33.290540166666666]",13.619,0.041,20,4,104.007,44.548,,,11:58:00,,,NaN,NaN,NaN,NaN,NaN,NaN,NaN
"[147.5032418636363, -33.28146718181819]",12.324,0.046,21,1,142.911,12.031,False,-0.18634,12:00:00,,,NaN,NaN,NaN,NaN,NaN,NaN,NaN
"[147.53402223999998, -33.344267599999995]",10.869,0.067,21,4,153.814,72.268,False,0.27295,12:02:00,,,NaN,NaN,NaN,NaN,NaN,NaN,NaN
,0.0,0.0,0,0,0.0,0.0,,,12:04:00,,,NaN,NaN,NaN,NaN,NaN,NaN,NaN
"[147.54186408695654, -33.3181622173913]",8.241,0.108,23,0,218.91,0.0,,,12:06:00,,,NaN,NaN,NaN,NaN,NaN,NaN,NaN
,0.0,0.0,0,0,0.0,0.0,,,12:08:00,,,NaN,NaN,NaN,NaN,NaN,NaN,NaN
"[147.55733657142855, -33.32458417857142]",11.617,0.066,26,2,183.141,52.485,,,12:10:00,,,NaN,NaN,NaN,NaN,NaN,NaN,NaN
,0.0,0.0,0,0,0.0,0.0,,,12:12:00,,,NaN,NaN,NaN,NaN,NaN,NaN,NaN
"[147.61264789999998, -33.36950529999999]",9.413,0.108,28,2,131.32,21.432,,,12:14:00,,,NaN,NaN,NaN,NaN,NaN,NaN,NaN
,0.0,0.0,0,0,0.0,0.0,,,12:16:00,,,NaN,NaN,NaN,NaN,NaN,NaN,NaN
"[147.66806314285716, -33.338389428571425]",13.252,0.038,19,2,127.322,81.306,,,12:18:00,,,NaN,NaN,NaN,NaN,NaN,NaN,NaN
"[148.7381466818182, -33.290552772727274]",1.085,5.946,21,1,63.377,5.412,False,0.03279,12:20:00,,,NaN,NaN,NaN,NaN,NaN,NaN,NaN
"[149.1541345263158, -33.31391241052631]",8.753,0.395,87,8,309.093,43.207,Jump_0,2.65727,12:22:00,No_Radar,No_Radar,NaN,NaN,NaN,NaN,NaN,NaN,NaN
"[149.16473205555548, -33.702786638888895]",40.372,0.042,205,11,593.383,79.85,Jump_0,3.18697,12:24:00,No_Radar,No_Radar,NaN,NaN,NaN,NaN,NaN,NaN,NaN
"[149.17081681034495, -33.34865833620689]",11.804,0.265,107,9,381.259,53.618,Jump_0,-1.66708,12:26:00,No_Radar,No_Radar,NaN,NaN,NaN,NaN,NaN,NaN,NaN
"[149.20071565822786, -33.331117291139236]",6.572,0.582,71,8,218.89,37.073,Jump_0,-0.44446,12:28:00,No_Radar,No_Radar,NaN,NaN,NaN,NaN,NaN,NaN,NaN
"[149.16074032222224, -33.55598582777778]",34.206,0.049,161,19,535.185,234.659,Jump_0,1.15349,12:30:00,No_Radar,No_Radar,NaN,NaN,NaN,NaN,NaN,NaN,NaN
"[149.25206804799993, -33.592939288000004]",30.688,0.042,109,16,395.742,145.601,False,-0.57539,12:32:00,,,NaN,NaN,NaN,NaN,NaN,NaN,NaN
"[149.2883020112359, -33.401853224719105]",9.114,0.341,85,4,244.657,19.272,False,-0.36432,12:34:00,,,NaN,NaN,NaN,NaN,NaN,NaN,NaN
"[149.3156455916667, -33.459064225000006]",10.55,0.343,111,9,305.56,49.793,False,0.41182,12:36:00,,,NaN,NaN,NaN,NaN,NaN,NaN,NaN
"[149.20942274117647, -33.479543929411754]",18.911,0.076,79,6,244.55,68.076,False,-0.53928,12:38:00,,,NaN,NaN,NaN,NaN,NaN,NaN,NaN
"[149.31046653333334, -33.429006]",9.546,0.105,25,5,89.669,31.442,False,-0.85119,12:40:00,,,NaN,NaN,NaN,NaN,NaN,NaN,NaN
"[149.328162, -33.47595547368421]",11.837,0.129,53,4,233.974,95.916,False,0.76124,12:42:00,,,NaN,NaN,NaN,NaN,NaN,NaN,NaN
"[149.3563013846154, -33.47506679487179]",8.767,0.162,35,4,111.985,42.888,False,-0.45315,12:44:00,,,NaN,NaN,NaN,NaN,NaN,NaN,NaN
"[149.39978747169812, -33.5491039245283]",10.185,0.163,48,5,169.887,75.504,False,0.3688,12:46:00,,,NaN,NaN,NaN,NaN,NaN,NaN,NaN
"[149.3924536760563, -33.52779723943662]",10.354,0.211,63,8,179.195,71.629,False,0.53072,12:48:00,,,NaN,NaN,NaN,NaN,NaN,NaN,NaN
"[149.41554892682922, -33.54108475609756]",9.294,0.151,38,3,118.983,24.457,False,-0.88864,12:50:00,,,NaN,NaN,NaN,NaN,NaN,NaN,NaN
"[149.4203812923076, -33.58462406153847]",6.944,0.429,60,5,203.387,43.455,False,0.96998,12:52:00,,,NaN,NaN,NaN,NaN,NaN,NaN,NaN
"[149.30940701020413, -33.620612622448995]",18.031,0.096,63,35,183.046,405.014,False,1.37405,12:54:00,,,NaN,NaN,NaN,NaN,NaN,NaN,NaN
"[149.45874675555552, -33.61418822222223]",5.283,0.513,36,9,138.112,77.575,False,-2.16878,12:56:00,,,NaN,NaN,NaN,NaN,NaN,NaN,NaN
"[149.47738242857147, -33.619445142857145]",5.922,0.508,43,13,113.67,98.486,False,0.29178,12:58:00,,,NaN,NaN,NaN,NaN,NaN,NaN,NaN
"[149.45315040740743, -33.58409851851852]",10.478,0.157,48,6,154.836,45.905,False,-0.05418,13:00:00,,,NaN,NaN,NaN,NaN,NaN,NaN,NaN
"[149.49420933870968, -33.65969496774192]",9.818,0.205,38,24,161.227,229.924,False,0.2368,13:02:00,,,NaN,NaN,NaN,NaN,NaN,NaN,NaN
"[149.4827491111111, -33.62301992592593]",11.877,0.061,20,7,81.789,95.936,False,-1.09519,13:04:00,,,NaN,NaN,NaN,NaN,NaN,NaN,NaN
"[149.47857561363642, -33.615989681818185]",13.312,0.079,33,11,140.537,128.569,False,0.59966,13:06:00,,,NaN,NaN,NaN,NaN,NaN,NaN,NaN
"[149.4992450701754, -33.647653385964915]",13.364,0.102,41,16,211.762,183.309,False,0.63007,13:08:00,,,NaN,NaN,NaN,NaN,NaN,NaN,NaN
"[149.54598966666666, -33.70049375555556]",7.322,0.267,25,20,103.387,264.823,False,-0.57358,13:10:00,,,NaN,NaN,NaN,NaN,NaN,NaN,NaN
"[149.55443176190474, -33.682243761904765]",9.432,0.075,20,1,67.277,39.138,False,-1.10857,13:12:00,,,NaN,NaN,NaN,NaN,NaN,NaN,NaN
,0.0,0.0,0,0,0.0,0.0,,,13:14:00,,,NaN,NaN,NaN,NaN,NaN,NaN,NaN
,0.0,0.0,0,0,0.0,0.0,,,13:16:00,,,NaN,NaN,NaN,NaN,NaN,NaN,NaN
"[149.586034483871, -33.82017732258065]",12.002,0.069,21,10,135.925,107.391,,,13:18:00,,,NaN,NaN,NaN,NaN,NaN,NaN,NaN
"[149.10360144578308, -35.2232355060241]",10.55,0.237,74,9,191.681,185.069,Jump_1,2.33322,13:20:00,40,"[149.5122, -35.6614]","[5.375, 3.25, 3.0, 8.6875, 'NaN', 'NaN', 3.125, 'NaN', 'NaN', 'NaN', 'NaN']","[4.875, 3.225, 2.9875, 6.5, 'NaN', 'NaN', 3.125, 'NaN', 'NaN', 'NaN', 'NaN']","['13:20:00', '13:25:00', '13:30:00', '13:35:00', '13:40:00', '13:45:00', '13:50:00', '13:55:00', '14:00:00', '14:05:00', '14:10:00']","[[-35.220337, 149.21497], [-35.45276, 148.8498], [-35.43518, 148.92719], [-35.157715, 149.40222], 'NaN', 'NaN', [-35.35559, 149.39093], 'NaN', 'NaN', 'NaN', 'NaN']",10134,-77,0.1119
"[149.02532507594944, -35.28320811392403]",10.97,0.209,50,29,153.717,503.805,Jump_1,-0.1207,13:22:00,Same_Jump,Same_Jump,NaN,NaN,NaN,NaN,NaN,NaN,NaN
"[149.1062534561404, -35.243496842105266]",10.278,0.172,53,4,221.153,75.863,Jump_1,-0.74919,13:24:00,Same_Jump,Same_Jump,NaN,NaN,NaN,NaN,NaN,NaN,NaN
"[149.07976464285716, -35.28530033333334]",10.112,0.131,40,2,126.101,20.621,Jump_1,-0.506,13:26:00,Same_Jump,Same_Jump,NaN,NaN,NaN,NaN,NaN,NaN,NaN
"[149.16841200000002, -35.24532695]",15.312,0.027,18,2,103.943,71.219,False,-0.69249,13:28:00,,,NaN,NaN,NaN,NaN,NaN,NaN,NaN
"[149.2668057111111, -35.14174757777777]",23.066,0.027,40,5,152.328,134.019,False,0.80179,13:30:00,,,NaN,NaN,NaN,NaN,NaN,NaN,NaN
"[149.2125686551724, -35.24451986206897]",9.706,0.098,28,1,86.552,5.478,False,-0.81406,13:32:00,,,NaN,NaN,NaN,NaN,NaN,NaN,NaN
"[149.22596107692306, -35.260308076923074]",9.642,0.089,25,1,95.342,55.523,False,-0.15123,13:34:00,,,NaN,NaN,NaN,NaN,NaN,NaN,NaN
"[149.19506653846153, -35.28798569230769]",3.077,0.874,17,9,86.587,216.327,False,0.0,13:36:00,,,NaN,NaN,NaN,NaN,NaN,NaN,NaN
"[149.30960492307693, -35.19097534615385]",12.466,0.053,20,6,104.784,61.668,False,0.0,13:38:00,,,NaN,NaN,NaN,NaN,NaN,NaN,NaN
"[149.48260503571424, -34.873061285714286]",9.228,0.105,12,16,106.721,206.942,False,0.13463,13:40:00,,,NaN,NaN,NaN,NaN,NaN,NaN,NaN
"[149.56365965625, -34.946376875]",12.846,0.062,29,3,138.022,65.354,False,0.55048,13:42:00,,,NaN,NaN,NaN,NaN,NaN,NaN,NaN
"[149.58367212195125, -34.982826048780474]",12.424,0.085,28,13,143.393,247.919,Jump_2,3.45134,13:44:00,No_Radar,No_Radar,NaN,NaN,NaN,NaN,NaN,NaN,NaN
,0.0,0.0,0,0,0.0,0.0,Jump_2,,13:46:00,No_Radar,No_Radar,NaN,NaN,NaN,NaN,NaN,NaN,NaN
,0.0,0.0,0,0,0.0,0.0,Jump_2,,13:48:00,No_Radar,No_Radar,NaN,NaN,NaN,NaN,NaN,NaN,NaN
,0.0,0.0,0,0,0.0,0.0,Jump_2,,13:50:00,No_Radar,No_Radar,NaN,NaN,NaN,NaN,NaN,NaN,NaN
,0.0,0.0,0,0,0.0,0.0,,,13:52:00,,,NaN,NaN,NaN,NaN,NaN,NaN,NaN
,0.0,0.0,0,0,0.0,0.0,,,13:54:00,,,NaN,NaN,NaN,NaN,NaN,NaN,NaN
,0.0,0.0,0,0,0.0,0.0,,,13:56:00,,,NaN,NaN,NaN,NaN,NaN,NaN,NaN
"[149.54652186206897, -35.120103]",11.141,0.074,16,13,108.217,131.466,,,13:58:00,,,NaN,NaN,NaN,NaN,NaN,NaN,NaN
,0.0,0.0,0,0,0.0,0.0,,,14:00:00,,,NaN,NaN,NaN,NaN,NaN,NaN,NaN
"[149.66015389473685, -35.11701960526316]",7.861,0.196,37,1,141.155,9.676,,,14:02:00,,,NaN,NaN,NaN,NaN,NaN,NaN,NaN
,0.0,0.0,0,0,0.0,0.0,,,14:04:00,,,NaN,NaN,NaN,NaN,NaN,NaN,NaN
"[149.7024859117647, -35.105868000000015]",12.115,0.074,31,3,158.791,47.611,,,14:06:00,,,NaN,NaN,NaN,NaN,NaN,NaN,NaN
"[149.69010085000002, -35.173594025]",7.441,0.23,37,3,206.101,156.63,False,0.16188,14:08:00,,,NaN,NaN,NaN,NaN,NaN,NaN,NaN
"[149.8847808409091, -35.07186359090909]",18.462,0.041,44,0,142.044,0.0,False,0.11432,14:10:00,,,NaN,NaN,NaN,NaN,NaN,NaN,NaN
"[149.69332273333333, -35.19781523333334]",7.501,0.17,26,4,140.0,66.826,False,-0.45977,14:12:00,,,NaN,NaN,NaN,NaN,NaN,NaN,NaN
"[149.99671999999998, -34.998282136363635]",10.324,0.066,21,1,53.862,15.418,False,-0.30049,14:14:00,,,NaN,NaN,NaN,NaN,NaN,NaN,NaN
"[149.72092344117647, -35.23839091176471]",3.523,0.872,31,3,90.04,35.084,False,0.64813,14:16:00,,,NaN,NaN,NaN,NaN,NaN,NaN,NaN
"[149.59542693750004, -35.2582790625]",12.245,0.068,23,9,127.587,89.543,False,-0.18732,14:18:00,,,NaN,NaN,NaN,NaN,NaN,NaN,NaN
,0.0,0.0,0,0,0.0,0.0,,,14:20:00,,,NaN,NaN,NaN,NaN,NaN,NaN,NaN
"[149.73635725, -35.28202093181819]",6.322,0.35,44,0,108.935,0.0,,,14:22:00,,,NaN,NaN,NaN,NaN,NaN,NaN,NaN
"[149.75995480000003, -35.292592359999986]",6.939,0.165,25,0,71.39,0.0,False,-0.67892,14:24:00,,,NaN,NaN,NaN,NaN,NaN,NaN,NaN
"[149.75201656, -35.30722319999999]",10.492,0.072,23,2,78.593,38.884,False,0.0,14:26:00,,,NaN,NaN,NaN,NaN,NaN,NaN,NaN
,0.0,0.0,0,0,0.0,0.0,,,14:28:00,,,NaN,NaN,NaN,NaN,NaN,NaN,NaN
,0.0,0.0,0,0,0.0,0.0,,,14:30:00,,,NaN,NaN,NaN,NaN,NaN,NaN,NaN
,0.0,0.0,0,0,0.0,0.0,,,14:32:00,,,NaN,NaN,NaN,NaN,NaN,NaN,NaN
,0.0,0.0,0,0,0.0,0.0,,,14:34:00,,,NaN,NaN,NaN,NaN,NaN,NaN,NaN
,0.0,0.0,0,0,0.0,0.0,,,14:36:00,,,NaN,NaN,NaN,NaN,NaN,NaN,NaN
,0.0,0.0,0,0,0.0,0.0,,,14:38:00,,,NaN,NaN,NaN,NaN,NaN,NaN,NaN
,0.0,0.0,0,0,0.0,0.0,,,14:40:00,,,NaN,NaN,NaN,NaN,NaN,NaN,NaN
,0.0,0.0,0,0,0.0,0.0,,,14:42:00,,,NaN,NaN,NaN,NaN,NaN,NaN,NaN
,0.0,0.0,0,0,0.0,0.0,,,14:44:00,,,NaN,NaN,NaN,NaN,NaN,NaN,NaN
,0.0,0.0,0,0,0.0,0.0,,,14:46:00,,,NaN,NaN,NaN,NaN,NaN,NaN,NaN
,0.0,0.0,0,0,0.0,0.0,,,14:48:00,,,NaN,NaN,NaN,NaN,NaN,NaN,NaN
,0.0,0.0,0,0,0.0,0.0,,,14:50:00,,,NaN,NaN,NaN,NaN,NaN,NaN,NaN
,0.0,0.0,0,0,0.0,0.0,,,14:52:00,,,NaN,NaN,NaN,NaN,NaN,NaN,NaN
,0.0,0.0,0,0,0.0,0.0,,,14:54:00,,,NaN,NaN,NaN,NaN,NaN,NaN,NaN
,0.0,0.0,0,0,0.0,0.0,,,14:56:00,,,NaN,NaN,NaN,NaN,NaN,NaN,NaN
,0.0,0.0,0,0,0.0,0.0,,,14:58:00,,,NaN,NaN,NaN,NaN,NaN,NaN,NaN
,0.0,0.0,0,0,0.0,0.0,,,15:00:00,,,NaN,NaN,NaN,NaN,NaN,NaN,NaN
,0.0,0.0,0,0,0.0,0.0,,,15:02:00,,,NaN,NaN,NaN,NaN,NaN,NaN,NaN
,0.0,0.0,0,0,0.0,0.0,,,15:04:00,,,NaN,NaN,NaN,NaN,NaN,NaN,NaN
,0.0,0.0,0,0,0.0,0.0,,,15:06:00,,,NaN,NaN,NaN,NaN,NaN,NaN,NaN
,0.0,0.0,0,0,0.0,0.0,,,15:08:00,,,NaN,NaN,NaN,NaN,NaN,NaN,NaN
,0.0,0.0,0,0,0.0,0.0,,,15:10:00,,,NaN,NaN,NaN,NaN,NaN,NaN,NaN
,0.0,0.0,0,0,0.0,0.0,,,15:12:00,,,NaN,NaN,NaN,NaN,NaN,NaN,NaN
,0.0,0.0,0,0,0.0,0.0,,,15:14:00,,,NaN,NaN,NaN,NaN,NaN,NaN,NaN
,0.0,0.0,0,0,0.0,0.0,,,15:16:00,,,NaN,NaN,NaN,NaN,NaN,NaN,NaN
,0.0,0.0,0,0,0.0,0.0,,,15:18:00,,,NaN,NaN,NaN,NaN,NaN,NaN,NaN
,0.0,0.0,0,0,0.0,0.0,,,15:20:00,,,NaN,NaN,NaN,NaN,NaN,NaN,NaN
,0.0,0.0,0,0,0.0,0.0,,,15:22:00,,,NaN,NaN,NaN,NaN,NaN,NaN,NaN
,0.0,0.0,0,0,0.0,0.0,,,15:24:00,,,NaN,NaN,NaN,NaN,NaN,NaN,NaN
,0.0,0.0,0,0,0.0,0.0,,,15:26:00,,,NaN,NaN,NaN,NaN,NaN,NaN,NaN
,0.0,0.0,0,0,0.0,0.0,,,15:28:00,,,NaN,NaN,NaN,NaN,NaN,NaN,NaN
,0.0,0.0,0,0,0.0,0.0,,,15:30:00,,,NaN,NaN,NaN,NaN,NaN,NaN,NaN
,0.0,0.0,0,0,0.0,0.0,,,15:32:00,,,NaN,NaN,NaN,NaN,NaN,NaN,NaN
,0.0,0.0,0,0,0.0,0.0,,,15:34:00,,,NaN,NaN,NaN,NaN,NaN,NaN,NaN
,0.0,0.0,0,0,0.0,0.0,,,15:36:00,,,NaN,NaN,NaN,NaN,NaN,NaN,NaN
,0.0,0.0,0,0,0.0,0.0,,,15:38:00,,,NaN,NaN,NaN,NaN,NaN,NaN,NaN
,0.0,0.0,0,0,0.0,0.0,,,15:40:00,,,NaN,NaN,NaN,NaN,NaN,NaN,NaN
,0.0,0.0,0,0,0.0,0.0,,,15:42:00,,,NaN,NaN,NaN,NaN,NaN,NaN,NaN
,0.0,0.0,0,0,0.0,0.0,,,15:44:00,,,NaN,NaN,NaN,NaN,NaN,NaN,NaN
,0.0,0.0,0,0,0.0,0.0,,,15:46:00,,,NaN,NaN,NaN,NaN,NaN,NaN,NaN
,0.0,0.0,0,0,0.0,0.0,,,15:48:00,,,NaN,NaN,NaN,NaN,NaN,NaN,NaN
,0.0,0.0,0,0,0.0,0.0,,,15:50:00,,,NaN,NaN,NaN,NaN,NaN,NaN,NaN
,0.0,0.0,0,0,0.0,0.0,,,15:52:00,,,NaN,NaN,NaN,NaN,NaN,NaN,NaN
,0.0,0.0,0,0,0.0,0.0,,,15:54:00,,,NaN,NaN,NaN,NaN,NaN,NaN,NaN
,0.0,0.0,0,0,0.0,0.0,,,15:56:00,,,NaN,NaN,NaN,NaN,NaN,NaN,NaN
,0.0,0.0,0,0,0.0,0.0,,,15:58:00,,,NaN,NaN,NaN,NaN,NaN,NaN,NaN
,0.0,0.0,0,0,0.0,0.0,,,16:00:00,,,NaN,NaN,NaN,NaN,NaN,NaN,NaN
,0.0,0.0,0,0,0.0,0.0,,,16:02:00,,,NaN,NaN,NaN,NaN,NaN,NaN,NaN
,0.0,0.0,0,0,0.0,0.0,,,16:04:00,,,NaN,NaN,NaN,NaN,NaN,NaN,NaN
,0.0,0.0,0,0,0.0,0.0,,,16:06:00,,,NaN,NaN,NaN,NaN,NaN,NaN,NaN
,0.0,0.0,0,0,0.0,0.0,,,16:08:00,,,NaN,NaN,NaN,NaN,NaN,NaN,NaN
,0.0,0.0,0,0,0.0,0.0,,,16:10:00,,,NaN,NaN,NaN,NaN,NaN,NaN,NaN
,0.0,0.0,0,0,0.0,0.0,,,16:12:00,,,NaN,NaN,NaN,NaN,NaN,NaN,NaN
,0.0,0.0,0,0,0.0,0.0,,,16:14:00,,,NaN,NaN,NaN,NaN,NaN,NaN,NaN
,0.0,0.0,0,0,0.0,0.0,,,16:16:00,,,NaN,NaN,NaN,NaN,NaN,NaN,NaN
,0.0,0.0,0,0,0.0,0.0,,,16:18:00,,,NaN,NaN,NaN,NaN,NaN,NaN,NaN
,0.0,0.0,0,0,0.0,0.0,,,16:20:00,,,NaN,NaN,NaN,NaN,NaN,NaN,NaN
,0.0,0.0,0,0,0.0,0.0,,,16:22:00,,,NaN,NaN,NaN,NaN,NaN,NaN,NaN
,0.0,0.0,0,0,0.0,0.0,,,16:24:00,,,NaN,NaN,NaN,NaN,NaN,NaN,NaN
,0.0,0.0,0,0,0.0,0.0,,,16:26:00,,,NaN,NaN,NaN,NaN,NaN,NaN,NaN
,0.0,0.0,0,0,0.0,0.0,,,16:28:00,,,NaN,NaN,NaN,NaN,NaN,NaN,NaN
,0.0,0.0,0,0,0.0,0.0,,,16:30:00,,,NaN,NaN,NaN,NaN,NaN,NaN,NaN
,0.0,0.0,0,0,0.0,0.0,,,16:32:00,,,NaN,NaN,NaN,NaN,NaN,NaN,NaN
,0.0,0.0,0,0,0.0,0.0,,,16:34:00,,,NaN,NaN,NaN,NaN,NaN,NaN,NaN
,0.0,0.0,0,0,0.0,0.0,,,16:36:00,,,NaN,NaN,NaN,NaN,NaN,NaN,NaN
,0.0,0.0,0,0,0.0,0.0,,,16:38:00,,,NaN,NaN,NaN,NaN,NaN,NaN,NaN
,0.0,0.0,0,0,0.0,0.0,,,16:40:00,,,NaN,NaN,NaN,NaN,NaN,NaN,NaN
,0.0,0.0,0,0,0.0,0.0,,,16:42:00,,,NaN,NaN,NaN,NaN,NaN,NaN,NaN
,0.0,0.0,0,0,0.0,0.0,,,16:44:00,,,NaN,NaN,NaN,NaN,NaN,NaN,NaN
,0.0,0.0,0,0,0.0,0.0,,,16:46:00,,,NaN,NaN,NaN,NaN,NaN,NaN,NaN
,0.0,0.0,0,0,0.0,0.0,,,16:48:00,,,NaN,NaN,NaN,NaN,NaN,NaN,NaN
,0.0,0.0,0,0,0.0,0.0,,,16:50:00,,,NaN,NaN,NaN,NaN,NaN,NaN,NaN
,0.0,0.0,0,0,0.0,0.0,,,16:52:00,,,NaN,NaN,NaN,NaN,NaN,NaN,NaN
,0.0,0.0,0,0,0.0,0.0,,,16:54:00,,,NaN,NaN,NaN,NaN,NaN,NaN,NaN
,0.0,0.0,0,0,0.0,0.0,,,16:56:00,,,NaN,NaN,NaN,NaN,NaN,NaN,NaN
,0.0,0.0,0,0,0.0,0.0,,,16:58:00,,,NaN,NaN,NaN,NaN,NaN,NaN,NaN
,0.0,0.0,0,0,0.0,0.0,,,17:00:00,,,NaN,NaN,NaN,NaN,NaN,NaN,NaN
,0.0,0.0,0,0,0.0,0.0,,,17:02:00,,,NaN,NaN,NaN,NaN,NaN,NaN,NaN
,0.0,0.0,0,0,0.0,0.0,,,17:04:00,,,NaN,NaN,NaN,NaN,NaN,NaN,NaN
,0.0,0.0,0,0,0.0,0.0,,,17:06:00,,,NaN,NaN,NaN,NaN,NaN,NaN,NaN
,0.0,0.0,0,0,0.0,0.0,,,17:08:00,,,NaN,NaN,NaN,NaN,NaN,NaN,NaN
,0.0,0.0,0,0,0.0,0.0,,,17:10:00,,,NaN,NaN,NaN,NaN,NaN,NaN,NaN
,0.0,0.0,0,0,0.0,0.0,,,17:12:00,,,NaN,NaN,NaN,NaN,NaN,NaN,NaN
,0.0,0.0,0,0,0.0,0.0,,,17:14:00,,,NaN,NaN,NaN,NaN,NaN,NaN,NaN
"[150.70777284, -34.19439288]",6.618,0.182,16,9,58.508,172.102,,,17:16:00,,,NaN,NaN,NaN,NaN,NaN,NaN,NaN
"[150.69976873913046, -34.20623139130435]",4.597,0.346,11,12,71.219,271.695,False,-0.17889,17:18:00,,,NaN,NaN,NaN,NaN,NaN,NaN,NaN
"[150.69212725000006, -34.2401052]",3.952,0.815,17,23,73.398,307.133,False,1.48643,17:20:00,,,NaN,NaN,NaN,NaN,NaN,NaN,NaN
"[150.7069144146342, -34.25136553658536]",3.955,0.835,29,12,91.6,237.52,False,0.08179,17:22:00,,,NaN,NaN,NaN,NaN,NaN,NaN,NaN
"[150.69712127999995, -34.264963200000004]",2.862,1.943,24,26,96.905,432.374,False,0.74561,17:24:00,,,NaN,NaN,NaN,NaN,NaN,NaN,NaN
"[150.7089143235294, -34.27427670588235]",2.885,1.3,15,19,70.453,477.813,False,-1.43108,17:26:00,,,NaN,NaN,NaN,NaN,NaN,NaN,NaN
"[150.73823045833333, -34.27937691666666]",5.217,0.281,17,7,111.177,258.992,False,-0.80661,17:28:00,,,NaN,NaN,NaN,NaN,NaN,NaN,NaN
"[150.71906306060606, -34.30253]",3.478,0.868,26,7,147.706,154.741,False,0.66767,17:30:00,,,NaN,NaN,NaN,NaN,NaN,NaN,NaN
"[150.7419677368421, -34.305186192982454]",4.72,0.814,48,9,270.585,128.358,Jump_3,2.12714,17:32:00,3,"[150.8751, -34.2624]","[37.875, 38.5, 90.8125, 88.375, 46.5625, 35.3125, 33.1875, 32.6875, 26.1875, 13.0]","[26.6, 17.7, 42.5, 38.5875, 29.7438, 23.25, 17.075, 17.0188, 17.1875, 8.8125]","['17:35:00', '17:40:00', '17:45:00', '17:50:00', '17:55:00', '18:00:00', '18:05:00', '18:10:00', '18:15:00', '18:20:00']","[[-34.33423, 150.72266], [-34.32538, 150.85333], [-34.379272, 150.8097], [-34.415283, 150.83148], [-34.487183, 150.78784], [-34.45117, 151.0387], [-34.48712, 151.03876], [-34.523132, 151.0279], [-34.55011, 151.0061], [-34.57715, 150.97339]]",10181,10,0.1124
"[150.78511177777776, -34.3091813611111]",6.861,0.243,29,7,138.229,114.31,Jump_3,-1.30062,17:34:00,Same_Jump,Same_Jump,NaN,NaN,NaN,NaN,NaN,NaN,NaN
"[150.7923086511628, -34.31508220930231]",6.881,0.289,35,8,190.413,96.305,Jump_3,0.3722,17:36:00,Same_Jump,Same_Jump,NaN,NaN,NaN,NaN,NaN,NaN,NaN
"[150.802129375, -34.327466]",7.009,0.259,30,10,176.157,107.334,Jump_3,-0.17102,17:38:00,Same_Jump,Same_Jump,NaN,NaN,NaN,NaN,NaN,NaN,NaN
"[150.7891006129032, -34.348940967741946]",7.088,0.393,41,21,210.399,328.94,False,1.32376,17:40:00,,,NaN,NaN,NaN,NaN,NaN,NaN,NaN
"[150.80101495714288, -34.3621984]",6.032,0.612,50,20,274.825,358.683,False,0.42903,17:42:00,,,NaN,NaN,NaN,NaN,NaN,NaN,NaN
"[150.82712924418604, -34.36914163953489]",6.444,0.659,72,14,282.953,194.466,False,1.00532,17:44:00,,,NaN,NaN,NaN,NaN,NaN,NaN,NaN
"[150.80082525, -34.396388066666674]",6.701,0.425,50,10,209.464,179.777,False,-2.73306,17:46:00,,,NaN,NaN,NaN,NaN,NaN,NaN,NaN
"[150.8240119666667, -34.400155366666674]",6.981,0.392,48,12,230.78,189.444,False,0.0,17:48:00,,,NaN,NaN,NaN,NaN,NaN,NaN,NaN
"[150.80231840322574, -34.422961209677425]",5.583,0.633,39,23,162.768,518.409,False,0.1069,17:50:00,,,NaN,NaN,NaN,NaN,NaN,NaN,NaN
"[150.79937297222224, -34.43887784722223]",5.864,0.666,52,20,200.147,297.781,False,0.63246,17:52:00,,,NaN,NaN,NaN,NaN,NaN,NaN,NaN
"[150.79603859302327, -34.61952926744185]",22.256,0.055,61,25,263.85,445.762,False,0.87025,17:54:00,,,NaN,NaN,NaN,NaN,NaN,NaN,NaN
"[150.81434891489363, -34.4662654893617]",6.63,0.34,40,7,165.705,80.678,False,-2.49672,17:56:00,,,NaN,NaN,NaN,NaN,NaN,NaN,NaN
"[150.80189488405802, -34.49122763768115]",5.787,0.656,45,24,169.717,419.357,False,1.0408,17:58:00,,,NaN,NaN,NaN,NaN,NaN,NaN,NaN
"[150.78193582432428, -34.515192527027025]",3.786,1.643,41,33,179.438,531.646,False,0.20902,18:00:00,,,NaN,NaN,NaN,NaN,NaN,NaN,NaN
"[150.80116041095894, -34.52741572602739]",4.559,1.118,17,56,139.786,1232.69,False,-0.04173,18:02:00,,,NaN,NaN,NaN,NaN,NaN,NaN,NaN
"[150.80951089393935, -34.548572257575756]",6.811,0.453,28,38,117.677,835.963,False,-0.29668,18:04:00,,,NaN,NaN,NaN,NaN,NaN,NaN,NaN
"[150.81177768253968, -34.55145239682539]",6.862,0.426,43,20,175.507,449.82,False,-0.13416,18:06:00,,,NaN,NaN,NaN,NaN,NaN,NaN,NaN
"[150.8509694923077, -34.54952746153847]",9.996,0.207,33,32,199.537,568.958,False,0.17595,18:08:00,,,NaN,NaN,NaN,NaN,NaN,NaN,NaN
"[150.86046203703702, -34.58222101851851]",10.687,0.15,39,15,200.558,347.695,False,-2.38905,18:10:00,,,NaN,NaN,NaN,NaN,NaN,NaN,NaN
"[150.86965803125003, -34.58758609375]",10.845,0.087,25,7,148.114,187.214,False,-4.31455,18:12:00,,,NaN,NaN,NaN,NaN,NaN,NaN,NaN
"[150.82759123809518, -34.6315486904762]",7.614,0.231,27,15,104.377,308.056,False,1.09963,18:14:00,,,NaN,NaN,NaN,NaN,NaN,NaN,NaN
"[150.86145939583332, -34.62570087499999]",11.208,0.122,28,20,115.865,319.524,False,0.48876,18:16:00,,,NaN,NaN,NaN,NaN,NaN,NaN,NaN
"[150.85250841666664, -34.65446105555555]",11.965,0.16,37,35,236.419,593.561,False,1.81423,18:18:00,,,NaN,NaN,NaN,NaN,NaN,NaN,NaN
"[150.9070167954545, -34.59551774999999]",17.087,0.048,27,17,109.018,299.569,False,-1.54888,18:20:00,,,NaN,NaN,NaN,NaN,NaN,NaN,NaN
"[150.86376593333327, -34.96881848333333]",19.884,0.048,28,32,125.655,581.163,False,0.72281,18:22:00,,,NaN,NaN,NaN,NaN,NaN,NaN,NaN
"[150.852451, -35.17539786363636]",8.931,0.088,11,11,74.207,216.266,False,-1.90286,18:24:00,,,NaN,NaN,NaN,NaN,NaN,NaN,NaN
"[150.88951073809523, -35.144479404761896]",8.07,0.205,18,24,105.983,252.71,False,0.72836,18:26:00,,,NaN,NaN,NaN,NaN,NaN,NaN,NaN
"[150.89279495744682, -35.18258517021276]",7.259,0.284,22,25,106.395,419.944,False,0.17018,18:28:00,,,NaN,NaN,NaN,NaN,NaN,NaN,NaN
"[150.88132858333333, -35.19710191666666]",6.381,0.188,10,14,64.141,235.627,False,-0.87181,18:30:00,,,NaN,NaN,NaN,NaN,NaN,NaN,NaN
"[150.8644356923077, -35.254510730769226]",8.829,0.106,12,14,66.196,210.999,False,0.07884,18:32:00,,,NaN,NaN,NaN,NaN,NaN,NaN,NaN
"[150.87966492, -35.24129567999999]",5.443,0.269,15,10,76.253,175.934,False,-0.04293,18:34:00,,,NaN,NaN,NaN,NaN,NaN,NaN,NaN
"[150.89248505000006, -35.273203849999994]",5.367,0.221,9,11,77.325,186.242,False,-0.32322,18:36:00,,,NaN,NaN,NaN,NaN,NaN,NaN,NaN
"[150.9337684489796, -34.72625028571428]",11.336,0.121,28,21,132.72,632.352,Jump_4,2.62769,18:38:00,3,"[150.8751, -34.2624]","[3.5625, 7.25, 7.875, 3.375, 'NaN', 'NaN', 4.6875, 4.9375, 5.5, 5.75]","[3.5625, 6.875, 6.975, 3.35, 'NaN', 'NaN', 4.4625, 4.625, 4.9375, 4.6125]","['18:40:00', '18:45:00', '18:50:00', '18:55:00', '19:00:00', '19:05:00', '19:10:00', '19:15:00', '19:20:00', '19:25:00']","[[-34.819946, 150.91895], [-34.83795, 150.92987], [-34.8739, 150.91895], [-34.90094, 150.90802], 'NaN', 'NaN', [-34.999573, 151.12762], [-35.035583, 151.10577], [-35.008484, 151.17157], [-35.143555, 151.08405]]",10207,-16,0.1127
"[150.9593822264151, -34.72278347169812]",8.892,0.213,41,12,223.973,378.161,Jump_4,0.21387,18:40:00,Same_Jump,Same_Jump,NaN,NaN,NaN,NaN,NaN,NaN,NaN
"[150.94119133333336, -34.75264458333333]",8.098,0.116,19,5,80.753,121.323,Jump_4,-2.16334,18:42:00,Same_Jump,Same_Jump,NaN,NaN,NaN,NaN,NaN,NaN,NaN
"[150.9194431754386, -34.79372331578948]",7.646,0.31,42,15,168.66,221.052,Jump_4,1.58992,18:44:00,Same_Jump,Same_Jump,NaN,NaN,NaN,NaN,NaN,NaN,NaN
"[150.92483714545455, -34.78503216363636]",10.146,0.17,43,12,179.11,201.282,False,-0.07834,18:46:00,,,NaN,NaN,NaN,NaN,NaN,NaN,NaN
"[150.96344144999998, -34.779385775]",11.974,0.089,29,11,135.671,148.25,False,-0.59456,18:48:00,,,NaN,NaN,NaN,NaN,NaN,NaN,NaN
"[150.9421363666667, -34.820024783333324]",9.982,0.192,37,23,168.348,562.506,False,0.8609,18:50:00,,,NaN,NaN,NaN,NaN,NaN,NaN,NaN
"[150.9183846551724, -34.894881775862075]",7.437,0.334,29,29,163.45,763.225,False,-0.07922,18:52:00,,,NaN,NaN,NaN,NaN,NaN,NaN,NaN
"[150.9125311481482, -34.87780358024693]",5.871,0.748,37,44,176.159,1069.615,False,1.19137,18:54:00,,,NaN,NaN,NaN,NaN,NaN,NaN,NaN
"[150.89410819999998, -34.91169383636364]",10.644,0.155,37,18,167.002,347.473,False,-1.60721,18:56:00,,,NaN,NaN,NaN,NaN,NaN,NaN,NaN
"[150.9441460851064, -34.88297414893618]",5.841,0.438,32,15,133.14,203.613,False,-0.37361,18:58:00,,,NaN,NaN,NaN,NaN,NaN,NaN,NaN
"[150.90206071052629, -34.94341578947368]",7.485,0.216,19,19,123.817,295.119,False,-0.44137,19:00:00,,,NaN,NaN,NaN,NaN,NaN,NaN,NaN
"[150.89758269565215, -34.96504934782609]",5.996,0.407,20,26,79.236,401.706,False,0.45125,19:02:00,,,NaN,NaN,NaN,NaN,NaN,NaN,NaN
"[150.92284547499997, -34.9815952]",10.541,0.115,24,16,106.01,220.551,False,-0.32242,19:04:00,,,NaN,NaN,NaN,NaN,NaN,NaN,NaN
"[150.89876518518517, -34.98582525925926]",7.535,0.151,15,12,45.896,188.186,False,-1.07515,19:06:00,,,NaN,NaN,NaN,NaN,NaN,NaN,NaN
"[150.8998422826087, -34.999620239130444]",4.872,0.617,18,28,56.01,608.282,Jump_5,2.36945,19:08:00,No_Radar,No_Radar,NaN,NaN,NaN,NaN,NaN,NaN,NaN
"[150.9694957619047, -34.987342952380956]",9.708,0.142,26,16,101.354,260.643,Jump_5,-0.30007,19:10:00,No_Radar,No_Radar,NaN,NaN,NaN,NaN,NaN,NaN,NaN
"[150.97144987755107, -35.01294142857142]",10.027,0.155,31,18,141.06,296.01,Jump_5,0.55219,19:12:00,No_Radar,No_Radar,NaN,NaN,NaN,NaN,NaN,NaN,NaN
"[150.93849375, -35.044842974999995]",5.912,0.364,26,14,67.806,148.376,Jump_5,-0.71759,19:14:00,No_Radar,No_Radar,NaN,NaN,NaN,NaN,NaN,NaN,NaN
"[150.9553007619048, -35.05348007142857]",8.958,0.167,22,20,112.982,319.018,False,0.15385,19:16:00,,,NaN,NaN,NaN,NaN,NaN,NaN,NaN
"[150.91213701923073, -35.10878019230769]",9.466,0.185,35,17,139.526,253.105,False,0.92648,19:18:00,,,NaN,NaN,NaN,NaN,NaN,NaN,NaN
"[150.99365364000002, -35.078944959999994]",13.564,0.043,16,9,72.006,121.113,False,-3.46553,19:20:00,,,NaN,NaN,NaN,NaN,NaN,NaN,NaN
"[150.992422125, -35.10052309374999]",14.149,0.051,21,11,104.1,202.089,False,0.46532,19:22:00,,,NaN,NaN,NaN,NaN,NaN,NaN,NaN
"[151.03011702857145, -35.08280477142856]",15.163,0.048,28,7,139.984,111.862,False,0.19942,19:24:00,,,NaN,NaN,NaN,NaN,NaN,NaN,NaN
"[151.12372736, -35.061562880000004]",14.723,0.037,16,9,69.048,161.387,False,-0.67191,19:26:00,,,NaN,NaN,NaN,NaN,NaN,NaN,NaN
"[151.0849727272727, -35.09725329545454]",11.71,0.102,36,8,179.773,75.488,False,1.24661,19:28:00,,,NaN,NaN,NaN,NaN,NaN,NaN,NaN
"[151.09256860000002, -35.07451027500001]",12.643,0.08,34,6,156.941,54.371,False,-0.22763,19:30:00,,,NaN,NaN,NaN,NaN,NaN,NaN,NaN
"[151.0471561162791, -35.139138744186056]",12.496,0.088,35,8,168.33,89.291,False,0.27105,19:32:00,,,NaN,NaN,NaN,NaN,NaN,NaN,NaN
"[151.08670041666667, -35.14486912500001]",12.785,0.093,40,8,241.061,236.526,False,0.46087,19:34:00,,,NaN,NaN,NaN,NaN,NaN,NaN,NaN
"[151.09552866666667, -35.12651879487179]",9.08,0.151,20,19,80.755,289.563,False,-0.82399,19:36:00,,,NaN,NaN,NaN,NaN,NaN,NaN,NaN
"[151.15572542553187, -35.14528327659574]",8.826,0.192,32,15,150.416,315.191,False,0.75191,19:38:00,,,NaN,NaN,NaN,NaN,NaN,NaN,NaN
"[151.08601727272728, -35.18738322727273]",11.22,0.056,17,5,76.196,100.75,False,-3.59722,19:40:00,,,NaN,NaN,NaN,NaN,NaN,NaN,NaN
"[151.16317673333333, -35.15155355555556]",11.888,0.101,32,13,216.326,234.815,False,1.69191,19:42:00,,,NaN,NaN,NaN,NaN,NaN,NaN,NaN
"[151.1553465517241, -35.15642889655173]",9.398,0.105,22,7,118.953,238.767,False,-0.87971,19:44:00,,,NaN,NaN,NaN,NaN,NaN,NaN,NaN
"[151.1582577105263, -35.18079818421051]",11.346,0.094,28,10,141.972,211.904,False,0.46745,19:46:00,,,NaN,NaN,NaN,NaN,NaN,NaN,NaN
,0.0,0.0,0,0,0.0,0.0,,,19:48:00,,,NaN,NaN,NaN,NaN,NaN,NaN,NaN
"[151.18988737142857, -35.18286091428571]",9.313,0.128,27,8,125.892,165.061,,,19:50:00,,,NaN,NaN,NaN,NaN,NaN,NaN,NaN
,0.0,0.0,0,0,0.0,0.0,,,19:52:00,,,NaN,NaN,NaN,NaN,NaN,NaN,NaN
"[151.2091046923077, -35.22614984615385]",7.34,0.154,14,12,110.05,415.081,,,19:54:00,,,NaN,NaN,NaN,NaN,NaN,NaN,NaN
,0.0,0.0,0,0,0.0,0.0,,,19:56:00,,,NaN,NaN,NaN,NaN,NaN,NaN,NaN
,0.0,0.0,0,0,0.0,0.0,,,19:58:00,,,NaN,NaN,NaN,NaN,NaN,NaN,NaN
,0.0,0.0,0,0,0.0,0.0,,,20:00:00,,,NaN,NaN,NaN,NaN,NaN,NaN,NaN
,0.0,0.0,0,0,0.0,0.0,,,20:02:00,,,NaN,NaN,NaN,NaN,NaN,NaN,NaN
,0.0,0.0,0,0,0.0,0.0,,,20:04:00,,,NaN,NaN,NaN,NaN,NaN,NaN,NaN
,0.0,0.0,0,0,0.0,0.0,,,20:06:00,,,NaN,NaN,NaN,NaN,NaN,NaN,NaN
"[151.9915129411765, -35.33687905882352]",1.197,7.55,27,7,144.098,94.882,,,20:08:00,,,NaN,NaN,NaN,NaN,NaN,NaN,NaN
"[151.98371251219518, -35.338155365853666]",1.797,4.04,41,0,230.416,0.0,False,0.46037,20:10:00,,,NaN,NaN,NaN,NaN,NaN,NaN,NaN
,0.0,0.0,0,0,0.0,0.0,,,20:12:00,,,NaN,NaN,NaN,NaN,NaN,NaN,NaN
,0.0,0.0,0,0,0.0,0.0,,,20:14:00,,,NaN,NaN,NaN,NaN,NaN,NaN,NaN
,0.0,0.0,0,0,0.0,0.0,,,20:16:00,,,NaN,NaN,NaN,NaN,NaN,NaN,NaN
,0.0,0.0,0,0,0.0,0.0,,,20:18:00,,,NaN,NaN,NaN,NaN,NaN,NaN,NaN
,0.0,0.0,0,0,0.0,0.0,,,20:20:00,,,NaN,NaN,NaN,NaN,NaN,NaN,NaN
,0.0,0.0,0,0,0.0,0.0,,,20:22:00,,,NaN,NaN,NaN,NaN,NaN,NaN,NaN
,0.0,0.0,0,0,0.0,0.0,,,20:24:00,,,NaN,NaN,NaN,NaN,NaN,NaN,NaN
,0.0,0.0,0,0,0.0,0.0,,,20:26:00,,,NaN,NaN,NaN,NaN,NaN,NaN,NaN
,0.0,0.0,0,0,0.0,0.0,,,20:28:00,,,NaN,NaN,NaN,NaN,NaN,NaN,NaN
,0.0,0.0,0,0,0.0,0.0,,,20:30:00,,,NaN,NaN,NaN,NaN,NaN,NaN,NaN
,0.0,0.0,0,0,0.0,0.0,,,20:32:00,,,NaN,NaN,NaN,NaN,NaN,NaN,NaN
,0.0,0.0,0,0,0.0,0.0,,,20:34:00,,,NaN,NaN,NaN,NaN,NaN,NaN,NaN
,0.0,0.0,0,0,0.0,0.0,,,20:36:00,,,NaN,NaN,NaN,NaN,NaN,NaN,NaN
,0.0,0.0,0,0,0.0,0.0,,,20:38:00,,,NaN,NaN,NaN,NaN,NaN,NaN,NaN
,0.0,0.0,0,0,0.0,0.0,,,20:40:00,,,NaN,NaN,NaN,NaN,NaN,NaN,NaN
,0.0,0.0,0,0,0.0,0.0,,,20:42:00,,,NaN,NaN,NaN,NaN,NaN,NaN,NaN
,0.0,0.0,0,0,0.0,0.0,,,20:44:00,,,NaN,NaN,NaN,NaN,NaN,NaN,NaN
,0.0,0.0,0,0,0.0,0.0,,,20:46:00,,,NaN,NaN,NaN,NaN,NaN,NaN,NaN
,0.0,0.0,0,0,0.0,0.0,,,20:48:00,,,NaN,NaN,NaN,NaN,NaN,NaN,NaN
,0.0,0.0,0,0,0.0,0.0,,,20:50:00,,,NaN,NaN,NaN,NaN,NaN,NaN,NaN
,0.0,0.0,0,0,0.0,0.0,,,20:52:00,,,NaN,NaN,NaN,NaN,NaN,NaN,NaN
,0.0,0.0,0,0,0.0,0.0,,,20:54:00,,,NaN,NaN,NaN,NaN,NaN,NaN,NaN
,0.0,0.0,0,0,0.0,0.0,,,20:56:00,,,NaN,NaN,NaN,NaN,NaN,NaN,NaN
,0.0,0.0,0,0,0.0,0.0,,,20:58:00,,,NaN,NaN,NaN,NaN,NaN,NaN,NaN
,0.0,0.0,0,0,0.0,0.0,,,21:00:00,,,NaN,NaN,NaN,NaN,NaN,NaN,NaN
,0.0,0.0,0,0,0.0,0.0,,,21:02:00,,,NaN,NaN,NaN,NaN,NaN,NaN,NaN
,0.0,0.0,0,0,0.0,0.0,,,21:04:00,,,NaN,NaN,NaN,NaN,NaN,NaN,NaN
,0.0,0.0,0,0,0.0,0.0,,,21:06:00,,,NaN,NaN,NaN,NaN,NaN,NaN,NaN
,0.0,0.0,0,0,0.0,0.0,,,21:08:00,,,NaN,NaN,NaN,NaN,NaN,NaN,NaN
,0.0,0.0,0,0,0.0,0.0,,,21:10:00,,,NaN,NaN,NaN,NaN,NaN,NaN,NaN
,0.0,0.0,0,0,0.0,0.0,,,21:12:00,,,NaN,NaN,NaN,NaN,NaN,NaN,NaN
,0.0,0.0,0,0,0.0,0.0,,,21:14:00,,,NaN,NaN,NaN,NaN,NaN,NaN,NaN
,0.0,0.0,0,0,0.0,0.0,,,21:16:00,,,NaN,NaN,NaN,NaN,NaN,NaN,NaN
,0.0,0.0,0,0,0.0,0.0,,,21:18:00,,,NaN,NaN,NaN,NaN,NaN,NaN,NaN
,0.0,0.0,0,0,0.0,0.0,,,21:20:00,,,NaN,NaN,NaN,NaN,NaN,NaN,NaN
,0.0,0.0,0,0,0.0,0.0,,,21:22:00,,,NaN,NaN,NaN,NaN,NaN,NaN,NaN
,0.0,0.0,0,0,0.0,0.0,,,21:24:00,,,NaN,NaN,NaN,NaN,NaN,NaN,NaN
,0.0,0.0,0,0,0.0,0.0,,,21:26:00,,,NaN,NaN,NaN,NaN,NaN,NaN,NaN
,0.0,0.0,0,0,0.0,0.0,,,21:28:00,,,NaN,NaN,NaN,NaN,NaN,NaN,NaN
,0.0,0.0,0,0,0.0,0.0,,,21:30:00,,,NaN,NaN,NaN,NaN,NaN,NaN,NaN
,0.0,0.0,0,0,0.0,0.0,,,21:32:00,,,NaN,NaN,NaN,NaN,NaN,NaN,NaN
,0.0,0.0,0,0,0.0,0.0,,,21:34:00,,,NaN,NaN,NaN,NaN,NaN,NaN,NaN
,0.0,0.0,0,0,0.0,0.0,,,21:36:00,,,NaN,NaN,NaN,NaN,NaN,NaN,NaN
,0.0,0.0,0,0,0.0,0.0,,,21:38:00,,,NaN,NaN,NaN,NaN,NaN,NaN,NaN
,0.0,0.0,0,0,0.0,0.0,,,21:40:00,,,NaN,NaN,NaN,NaN,NaN,NaN,NaN
,0.0,0.0,0,0,0.0,0.0,,,21:42:00,,,NaN,NaN,NaN,NaN,NaN,NaN,NaN
,0.0,0.0,0,0,0.0,0.0,,,21:44:00,,,NaN,NaN,NaN,NaN,NaN,NaN,NaN
,0.0,0.0,0,0,0.0,0.0,,,21:46:00,,,NaN,NaN,NaN,NaN,NaN,NaN,NaN
,0.0,0.0,0,0,0.0,0.0,,,21:48:00,,,NaN,NaN,NaN,NaN,NaN,NaN,NaN
,0.0,0.0,0,0,0.0,0.0,,,21:50:00,,,NaN,NaN,NaN,NaN,NaN,NaN,NaN
,0.0,0.0,0,0,0.0,0.0,,,21:52:00,,,NaN,NaN,NaN,NaN,NaN,NaN,NaN
,0.0,0.0,0,0,0.0,0.0,,,21:54:00,,,NaN,NaN,NaN,NaN,NaN,NaN,NaN
,0.0,0.0,0,0,0.0,0.0,,,21:56:00,,,NaN,NaN,NaN,NaN,NaN,NaN,NaN
,0.0,0.0,0,0,0.0,0.0,,,21:58:00,,,NaN,NaN,NaN,NaN,NaN,NaN,NaN
,0.0,0.0,0,0,0.0,0.0,,,22:00:00,,,NaN,NaN,NaN,NaN,NaN,NaN,NaN
,0.0,0.0,0,0,0.0,0.0,,,22:02:00,,,NaN,NaN,NaN,NaN,NaN,NaN,NaN
,0.0,0.0,0,0,0.0,0.0,,,22:04:00,,,NaN,NaN,NaN,NaN,NaN,NaN,NaN
,0.0,0.0,0,0,0.0,0.0,,,22:06:00,,,NaN,NaN,NaN,NaN,NaN,NaN,NaN
,0.0,0.0,0,0,0.0,0.0,,,22:08:00,,,NaN,NaN,NaN,NaN,NaN,NaN,NaN
,0.0,0.0,0,0,0.0,0.0,,,22:10:00,,,NaN,NaN,NaN,NaN,NaN,NaN,NaN
,0.0,0.0,0,0,0.0,0.0,,,22:12:00,,,NaN,NaN,NaN,NaN,NaN,NaN,NaN
,0.0,0.0,0,0,0.0,0.0,,,22:14:00,,,NaN,NaN,NaN,NaN,NaN,NaN,NaN
,0.0,0.0,0,0,0.0,0.0,,,22:16:00,,,NaN,NaN,NaN,NaN,NaN,NaN,NaN
,0.0,0.0,0,0,0.0,0.0,,,22:18:00,,,NaN,NaN,NaN,NaN,NaN,NaN,NaN
,0.0,0.0,0,0,0.0,0.0,,,22:20:00,,,NaN,NaN,NaN,NaN,NaN,NaN,NaN
,0.0,0.0,0,0,0.0,0.0,,,22:22:00,,,NaN,NaN,NaN,NaN,NaN,NaN,NaN
,0.0,0.0,0,0,0.0,0.0,,,22:24:00,,,NaN,NaN,NaN,NaN,NaN,NaN,NaN
,0.0,0.0,0,0,0.0,0.0,,,22:26:00,,,NaN,NaN,NaN,NaN,NaN,NaN,NaN
,0.0,0.0,0,0,0.0,0.0,,,22:28:00,,,NaN,NaN,NaN,NaN,NaN,NaN,NaN
,0.0,0.0,0,0,0.0,0.0,,,22:30:00,,,NaN,NaN,NaN,NaN,NaN,NaN,NaN
,0.0,0.0,0,0,0.0,0.0,,,22:32:00,,,NaN,NaN,NaN,NaN,NaN,NaN,NaN
,0.0,0.0,0,0,0.0,0.0,,,22:34:00,,,NaN,NaN,NaN,NaN,NaN,NaN,NaN
,0.0,0.0,0,0,0.0,0.0,,,22:36:00,,,NaN,NaN,NaN,NaN,NaN,NaN,NaN
,0.0,0.0,0,0,0.0,0.0,,,22:38:00,,,NaN,NaN,NaN,NaN,NaN,NaN,NaN
,0.0,0.0,0,0,0.0,0.0,,,22:40:00,,,NaN,NaN,NaN,NaN,NaN,NaN,NaN
,0.0,0.0,0,0,0.0,0.0,,,22:42:00,,,NaN,NaN,NaN,NaN,NaN,NaN,NaN
,0.0,0.0,0,0,0.0,0.0,,,22:44:00,,,NaN,NaN,NaN,NaN,NaN,NaN,NaN
,0.0,0.0,0,0,0.0,0.0,,,22:46:00,,,NaN,NaN,NaN,NaN,NaN,NaN,NaN
,0.0,0.0,0,0,0.0,0.0,,,22:48:00,,,NaN,NaN,NaN,NaN,NaN,NaN,NaN
,0.0,0.0,0,0,0.0,0.0,,,22:50:00,,,NaN,NaN,NaN,NaN,NaN,NaN,NaN
,0.0,0.0,0,0,0.0,0.0,,,22:52:00,,,NaN,NaN,NaN,NaN,NaN,NaN,NaN
,0.0,0.0,0,0,0.0,0.0,,,22:54:00,,,NaN,NaN,NaN,NaN,NaN,NaN,NaN
,0.0,0.0,0,0,0.0,0.0,,,22:56:00,,,NaN,NaN,NaN,NaN,NaN,NaN,NaN
,0.0,0.0,0,0,0.0,0.0,,,22:58:00,,,NaN,NaN,NaN,NaN,NaN,NaN,NaN
,0.0,0.0,0,0,0.0,0.0,,,23:00:00,,,NaN,NaN,NaN,NaN,NaN,NaN,NaN
,0.0,0.0,0,0,0.0,0.0,,,23:02:00,,,NaN,NaN,NaN,NaN,NaN,NaN,NaN
,0.0,0.0,0,0,0.0,0.0,,,23:04:00,,,NaN,NaN,NaN,NaN,NaN,NaN,NaN
,0.0,0.0,0,0,0.0,0.0,,,23:06:00,,,NaN,NaN,NaN,NaN,NaN,NaN,NaN
,0.0,0.0,0,0,0.0,0.0,,,23:08:00,,,NaN,NaN,NaN,NaN,NaN,NaN,NaN
,0.0,0.0,0,0,0.0,0.0,,,23:10:00,,,NaN,NaN,NaN,NaN,NaN,NaN,NaN
,0.0,0.0,0,0,0.0,0.0,,,23:12:00,,,NaN,NaN,NaN,NaN,NaN,NaN,NaN
,0.0,0.0,0,0,0.0,0.0,,,23:14:00,,,NaN,NaN,NaN,NaN,NaN,NaN,NaN
,0.0,0.0,0,0,0.0,0.0,,,23:16:00,,,NaN,NaN,NaN,NaN,NaN,NaN,NaN
,0.0,0.0,0,0,0.0,0.0,,,23:18:00,,,NaN,NaN,NaN,NaN,NaN,NaN,NaN
,0.0,0.0,0,0,0.0,0.0,,,23:20:00,,,NaN,NaN,NaN,NaN,NaN,NaN,NaN
,0.0,0.0,0,0,0.0,0.0,,,23:22:00,,,NaN,NaN,NaN,NaN,NaN,NaN,NaN
,0.0,0.0,0,0,0.0,0.0,,,23:24:00,,,NaN,NaN,NaN,NaN,NaN,NaN,NaN
,0.0,0.0,0,0,0.0,0.0,,,23:26:00,,,NaN,NaN,NaN,NaN,NaN,NaN,NaN
,0.0,0.0,0,0,0.0,0.0,,,23:28:00,,,NaN,NaN,NaN,NaN,NaN,NaN,NaN
,0.0,0.0,0,0,0.0,0.0,,,23:30:00,,,NaN,NaN,NaN,NaN,NaN,NaN,NaN
,0.0,0.0,0,0,0.0,0.0,,,23:32:00,,,NaN,NaN,NaN,NaN,NaN,NaN,NaN
"[152.96192928000002, -34.7906622]",3.96,0.507,23,2,128.573,42.254,,,23:34:00,,,NaN,NaN,NaN,NaN,NaN,NaN,NaN
"[152.9627028666667, -34.82612303333334]",6.152,0.252,29,1,191.914,20.291,False,0.44721,23:36:00,,,NaN,NaN,NaN,NaN,NaN,NaN,NaN
"[152.96456799999999, -34.83451092307692]",5.831,0.243,23,3,128.473,120.803,False,-0.36901,23:38:00,,,NaN,NaN,NaN,NaN,NaN,NaN,NaN
"[152.964224, -34.84151552380953]",5.163,0.251,19,2,137.997,32.531,False,-0.43404,23:40:00,,,NaN,NaN,NaN,NaN,NaN,NaN,NaN
,0.0,0.0,0,0,0.0,0.0,,,23:42:00,,,NaN,NaN,NaN,NaN,NaN,NaN,NaN
,0.0,0.0,0,0,0.0,0.0,,,23:44:00,,,NaN,NaN,NaN,NaN,NaN,NaN,NaN
"[152.95779068181818, -34.907917045454546]",4.432,0.356,21,1,69.441,28.494,,,23:46:00,,,NaN,NaN,NaN,NaN,NaN,NaN,NaN
"[152.9531713076923, -34.937776615384614]",3.605,0.637,25,1,135.324,30.032,False,0.25912,23:48:00,,,NaN,NaN,NaN,NaN,NaN,NaN,NaN
,0.0,0.0,0,0,0.0,0.0,,,23:50:00,,,NaN,NaN,NaN,NaN,NaN,NaN,NaN
,0.0,0.0,0,0,0.0,0.0,,,23:52:00,,,NaN,NaN,NaN,NaN,NaN,NaN,NaN
,0.0,0.0,0,0,0.0,0.0,,,23:54:00,,,NaN,NaN,NaN,NaN,NaN,NaN,NaN
"[152.92367442307693, -34.99450457692307]",3.237,0.79,26,0,92.303,0.0,,,23:56:00,,,NaN,NaN,NaN,NaN,NaN,NaN,NaN
,0.0,0.0,0,0,0.0,0.0,,,23:58:00,,,NaN,NaN,NaN,NaN,NaN,NaN,NaN
